-3.178896077803870096e-02
3.033654706448487420e-02
5.095624023981031557e-03
-1.007273654640471194e-02
3.049094581065560361e-02
3.775654038398215673e-02
-2.833260797198647665e-02
-7.987848101690816008e-03
-7.959705005854402979e-03
2.226973118300747817e-03
-8.459810045160907899e-03
-1.120170684993695466e-02
-1.770128576639080908e-02
1.652844036843816727e-02
-1.990613119199963546e-02
1.589115852042994118e-02
3.978041637135561193e-02
-7.725793498003667714e-03
1.386143199644436670e-02
4.432339937787844325e-02
5.595369300185666465e-03
4.581181274040772855e-03
5.138896324528446219e-03
-1.058962001465033574e-02
1.503022179867912140e-03
1.186963687463503392e-02
3.630501997691340087e-03
3.064930803463767131e-02
5.989181252816706824e-02
1.736486581667463780e-02
-2.376516161650840675e-02
6.354835845714887528e-03
2.791445770974689683e-02
4.518138174469186162e-03
2.111576757243028776e-02
2.775207037345239769e-03
-8.851070895381667192e-03
-2.120332643596441191e-02
3.213246308109205581e-03
-3.825654780486331674e-02
-1.824404318809456568e-02
1.999604795196546422e-02
-2.020425644653187081e-02
6.591554957593075484e-03
-1.080292233373256715e-02
2.547419828498732539e-02
-1.023179618188521482e-02
2.996390936162356220e-03
4.593365234131283233e-03
1.529586381640797230e-02
-1.074665029405025458e-02
5.169671071744232765e-03
-2.277577074148780245e-02
4.992700456054990736e-03
5.288854316345350907e-03
3.394912541224698321e-02
-1.188986924746586807e-02
-7.799687116353766492e-03
-3.510778100287552557e-03
-9.428507805659479268e-03
-1.863754239184288453e-02
5.887139631249169690e-03
5.373375975637486278e-03
8.054850450179174004e-03
-3.971092655832648977e-02
1.535040732953405103e-02
1.709386423111539099e-02
5.338610893294344455e-03
7.877593760317722418e-03
6.277965147082795530e-03
-9.445147370495305533e-03
4.369605850062214386e-02
-1.140572059317264582e-02
2.027329348182092816e-02
-8.463002599730770972e-03
1.648851141013324070e-02
1.345582095812233175e-02
-1.029041301373297308e-02
2.718933468351565196e-03
-1.302612677977663287e-02
6.393313697233224575e-03
-7.450910941199709141e-03
1.702497921131055150e-02
7.409317142552822311e-03
6.291181667768910336e-03
5.221419686646982042e-03
6.989569770098001157e-03
-7.922150448003435763e-03
3.224667020049309940e-03
-2.246898403889645290e-02
-5.865371706479777236e-02
-1.085052561425982331e-02
3.615396719717978245e-03
1.193998740475876730e-02
1.760945470390879591e-02
2.031785261600930342e-02
1.185752388984269608e-02
-3.623737694788360230e-03
4.184042503341061335e-03
6.117682642381510119e-03
1.593413071961776936e-02
-7.181964172935408931e-03
7.588635476121225604e-03
-1.888604245724764125e-02
-1.145162705629559213e-02
-3.066575395245820304e-02
-6.907200926317500628e-03
-1.662085860723095873e-02
4.206854040278358228e-03
3.074174638568535900e-02
-2.282669739084508265e-01
-7.041964448335420387e-03
1.512809583588841655e-01
-7.267498459317763837e-01
-2.243078189256436997e-02
-2.053144142198277608e-02
5.573753783718870917e-03
3.821492068701502071e-02
