-1.729247829811666293e+01
-2.756470047596828010e+00
-2.997446341251411184e+00
-4.752377775085948386e+00
-2.085152698789032755e+01
-1.605392020280470078e+01
-1.350653242958398081e+01
-3.147916030971671830e+00
-7.247288796516739851e+00
-1.580817010021917213e+01
-7.171625450725711559e+00
-1.591196446698504019e+01
-1.037206864156460639e+01
-1.745554317045545289e+01
-1.670884907366911420e+00
-5.518240371973245573e+00
-1.521679366383062515e+01
-1.403868377350652352e+01
-1.280214122186932713e+01
-3.213345654885969793e+00
-1.339257851604030236e+01
-1.101177526765030379e+01
-1.504893884652758729e+01
-8.116782625253883054e+00
-3.821733898108565342e+00
-9.952603750771285007e+00
-4.698924205769975160e+00
-2.997161504757453798e+00
-9.721881491194132252e+00
-2.170589151057232158e+00
-1.565018648724774408e+01
-3.261679668700171675e+00
-3.186564043911428001e+00
-2.043784515255793721e+01
-2.540264989303050669e+00
-3.040098723434343952e+00
-6.382851725650168007e+00
-2.147952194113316438e+01
-2.074678088349802252e+01
-2.495545063297505806e+00
-4.317800685511105740e+00
-1.385049792210674369e+01
-1.566776195029136431e+01
-2.160108865781337428e+01
-7.292664733253033660e+00
-2.566257084581225811e+00
-1.136917356497477272e+00
-4.279508353402842857e+00
-3.454078185251107769e+00
-7.851643357419629154e+00
-1.325953505858980819e+01
-1.417789471612021401e+01
-7.491206133835214942e+00
-3.497670126532860024e+00
-3.344633786273732312e+00
-1.912848220509507513e+01
-3.034490714934406697e+00
-4.052439555860063436e+00
-5.864308276523603425e+00
-2.541419500489471517e+00
-2.644092280435025089e+00
-4.623136546366763966e+00
-5.134963409274106994e+00
-1.471649370023718006e+01
-1.402510191365185221e+01
-2.016248943063826360e+01
-5.084138174640647989e+00
-2.391169858016816363e+00
-2.678111302420223439e+00
-3.304577464527371333e+00
-3.599529493474094011e+00
-1.536972393213319421e+01
-3.709975296657479049e+00
-3.392329599500923720e+00
-9.303637681367341372e+00
-3.487882289048535256e+00
