nan
nan
nan
nan
nan
5.434999999999999831e-01
3.563999999999999946e-01
4.697428571428571287e-01
3.805999999999999939e-01
4.064666666666666428e-01
3.548000000000000043e-01
3.068545454545454354e-01
2.728999999999999759e-01
2.314384615384615373e-01
2.191714285714285726e-01
2.086000000000000076e-01
1.806999999999999995e-01
1.786411764705882477e-01
1.738333333333333397e-01
1.665894736842105373e-01
1.577999999999999958e-01
1.437142857142857111e-01
1.534272727272727177e-01
1.407695652173913126e-01
1.335000000000000075e-01
1.327000000000000124e-01
4.002384615384615429e-01
4.512259259259259192e-01
4.606571428571428761e-01
4.592689655172413898e-01
4.657333333333333325e-01
5.289516129032257874e-01
5.232999999999999874e-01
5.250787878787879226e-01
5.213058823529411745e-01
5.017571428571429015e-01
4.844222222222221985e-01
5.090027027027026474e-01
5.118105263157894935e-01
5.159666666666666845e-01
5.097000000000000419e-01
5.005463414634145902e-01
4.998476190476190406e-01
4.847511627906976872e-01
4.791090909090909289e-01
4.742777777777777981e-01
4.593173913043478440e-01
4.555914893617021288e-01
4.433666666666666867e-01
4.508122448979591801e-01
4.410000000000000031e-01
4.262039215686274640e-01
4.189999999999999836e-01
4.130660377358490454e-01
4.042814814814814639e-01
4.008272727272727542e-01
3.845857142857143085e-01
3.801403508771930007e-01
3.788758620689655077e-01
3.673779661016949305e-01
3.610333333333333172e-01
3.560295081967213005e-01
3.524548387096774205e-01
3.474984126984126953e-01
3.406500000000000083e-01
3.392000000000000015e-01
3.344393939393939252e-01
3.285597014925373260e-01
3.262529411764705789e-01
3.202115942028985751e-01
3.131285714285714228e-01
3.117971830985915571e-01
3.113111111111110940e-01
3.184493150684931662e-01
3.542783783783783891e-01
nan
