-5.378812485224123918e+00
-1.045220468423437410e+01
-2.351051723969693086e+00
-4.130331583671175366e+00
-4.244962914884650829e+00
-1.087602604865875477e+01
-4.311571023181151929e+00
-2.308459616989264163e+00
-1.590507005905783089e+00
-1.723521202966109911e+01
-4.218507296826334851e+00
-1.559008407640213534e+00
-9.914296754447562421e+00
-4.500947919565984279e+00
-1.609312609026263274e+00
-2.146056930294735210e+00
-1.534205813417885622e+01
-2.532677853397395040e+00
-2.930815229605073569e+00
-4.502409547946504276e+00
-1.368455148555106859e+00
-1.371020222442854930e+00
-1.738037204014291959e+00
-3.905136727174893352e+00
-1.865964820660826717e+01
-8.826016477317910613e+00
-1.539503539346121386e+00
-4.754832167559664313e+00
-4.208144198808245307e+00
-9.260741801113166360e+00
-2.412756553602065424e+00
-1.572955305197330844e+00
-7.719073543868756104e+00
-2.311853748924136198e+00
-1.836975500374036230e+00
-1.904891352949174887e+00
-4.814476454872608002e+00
-4.723631351179291116e+00
-1.638164010264151926e+00
-7.737284621731024714e+00
-3.428822067161839016e+00
-7.463965616588899010e+00
-1.299338787797079320e+01
-1.609518661838583498e+00
-1.248121201683312975e+00
-1.346860561464893635e+01
-1.741187308062201566e+00
-3.828085576410924062e+00
-4.551780268587949152e+00
-1.540259769604810813e+00
-1.455453458643717113e+00
-1.527118290991696270e+00
-1.831991740690801507e+00
-2.897615880637513186e+00
-3.642342788689679978e+00
-1.378786429395226421e+01
-4.403124084905449820e+00
-1.428176168131200185e+00
-1.305831061907511170e+01
-4.277404633708368209e+00
-2.650277209532188039e+00
-2.024276874457131115e+00
-1.506125202647252692e+00
-1.618254841327868476e+01
-4.146995512161176123e+00
-1.815516313915779278e+00
-1.376400304844795031e+00
-1.936076096032115501e+00
-1.296465094254397599e+00
-8.828395144399369343e+00
-4.320089920572833364e+00
-5.118961472989843386e+00
-2.927504535376893813e+00
-3.662300420812647062e+00
-1.600880695555426669e+00
-5.374819954249250742e+00
-1.501261081658640251e+00
-2.014697862083661306e+00
-1.341888775455315042e+00
-5.506162255437308417e+00
-8.737613558356851939e+00
-5.303371252221403154e+00
-4.113734840976665197e+00
-1.636697783391904082e+00
-1.622813843502724396e+00
-3.057849788527423840e+00
-1.412347842982644153e+00
-1.965867334499069585e+00
-5.749289929689554768e+00
-2.273091265674130668e+00
-3.282056506255099038e+00
-4.497555902125492722e+00
-1.542759771318451101e+00
-1.648042315649234979e+00
-1.743974147612995296e+00
-7.194147695738680071e+00
-1.504132699994730871e+00
-1.340176494550538777e+00
-1.546803067093293294e+00
-1.890195541683359792e+00
-1.344017990107512261e+01
-1.706205100234669203e+00
-1.441498831634151045e+00
-2.373180598598041868e+00
-1.581092736811038790e+00
-1.666638986501101982e+00
-1.567451568252543836e+00
-2.581821830768969761e+00
-2.251110566186671491e+00
-1.482279919708043181e+00
-3.851972935590261216e+00
-1.375987161249417667e+00
-1.387547454740134967e+00
5.126413805455136696e-01
-1.879630732399400372e+00
-3.256626471420426938e+00
-2.153069918693120144e+00
-8.479120175376134938e+00
