5.536385412128036165e+01
5.548446898740709088e+01
5.547273934100191184e+01
5.520450029931686942e+01
5.503009940450746029e+01
5.545307688199179097e+01
5.510789376176793297e+01
5.514622755274989174e+01
5.554191576632160121e+01
5.516368789370893921e+01
5.544780680326132227e+01
5.525585887398135299e+01
5.531283499153619232e+01
5.521146493151866252e+01
5.512999567651399957e+01
5.540930698189642101e+01
5.537030877815497121e+01
5.542208967201875680e+01
5.542691657847480258e+01
5.530795269315243701e+01
5.501090058060088950e+01
5.553041879042298490e+01
5.538873734118949699e+01
5.529944258575621063e+01
5.509150077545361768e+01
5.511280766186572322e+01
5.533828306301715116e+01
5.519991073847111807e+01
5.513785791448110984e+01
5.546014798382434918e+01
5.545104256280157529e+01
5.524792240908970342e+01
5.503668521838037719e+01
5.537197777150822020e+01
5.512358050237962459e+01
5.508145216740749817e+01
5.504226891506300490e+01
5.548181939558518394e+01
5.524814171860636947e+01
5.547945816867510871e+01
5.513247144601645999e+01
5.522270864522138822e+01
5.544416951178651942e+01
5.513553112985956517e+01
5.550546554778385655e+01
5.521519319210298704e+01
5.562649749646264752e+01
5.521424022012070765e+01
5.521329779137576566e+01
5.521404330997503251e+01
5.529342100126964965e+01
5.518986679462366851e+01
5.527674155726084138e+01
5.555362247691500244e+01
5.502518774337926288e+01
5.501644531759469459e+01
5.531401362482338158e+01
5.549666616352238435e+01
5.517907389290513720e+01
5.542750365258771694e+01
5.519768781628189203e+01
5.501490608237720892e+01
5.503565803681782853e+01
5.505697458274027412e+01
5.517135240424789799e+01
5.530707009278740571e+01
5.515110875421220982e+01
5.526653608293246833e+01
5.552559739197938171e+01
5.521215544422931032e+01
5.527812763485133019e+01
5.540294739159600113e+01
5.546959401106604304e+01
5.541112576922505184e+01
5.545325593552537669e+01
5.540726162818027234e+01
5.551628457455137777e+01
5.501706266230004161e+01
5.554031184926562048e+01
5.548943054830895960e+01
5.546190952411680541e+01
5.500319788133435139e+01
5.508689689457906269e+01
5.511633209411634482e+01
5.514406858242728049e+01
5.521905777737350007e+01
5.545423963325424666e+01
5.538576825407935900e+01
5.521593022432182352e+01
5.515199427331924653e+01
5.521383571992321038e+01
5.506764298696408133e+01
5.557466702328760277e+01
5.522589873383888204e+01
5.543998600388672315e+01
5.548558944964423745e+01
5.550946251193674641e+01
5.536560889858741064e+01
5.511018166573162347e+01
5.530150360927625286e+01
5.508525513268838836e+01
5.558120382948881399e+01
5.529075802014754970e+01
5.549978098096433854e+01
5.546904282554957888e+01
5.559400378299986301e+01
5.506969733623906649e+01
5.523072659109233484e+01
5.501337391030931911e+01
5.540860276375583737e+01
5.517981087063188284e+01
5.530080253508817378e+01
5.547373173841246796e+01
5.526164936216404300e+01
5.514598065390849513e+01
5.500273677258516614e+01
5.515933313808876193e+01
5.539716543151956785e+01
5.512881339983548656e+01
5.506408278659664290e+01
5.523774638567611106e+01
5.536843446709701766e+01
5.513815184629309130e+01
5.547149511477134354e+01
5.525587958051828252e+01
5.541345401778134061e+01
5.542217207789696687e+01
5.550902591418199705e+01
5.541749028685291734e+01
5.541737869000851191e+01
5.535258679751780164e+01
5.507432206860778479e+01
5.532496061675461618e+01
5.506870911324470086e+01
5.550117964156019923e+01
5.539381537955849666e+01
5.514331847160123345e+01
5.512446300527066967e+01
5.515637165431436983e+01
5.542635845750965018e+01
5.518899042366059859e+01
5.520066431279256136e+01
5.529067713886669111e+01
5.503803950318096128e+01
5.513661134906587336e+01
5.554781390887237080e+01
5.535306534560768199e+01
5.518527387195253198e+01
5.533123481839603386e+01
5.512774031045736933e+01
5.553700060205769518e+01
5.520272625318482085e+01
5.546458296015278222e+01
5.528820737495635740e+01
5.529618027515560641e+01
5.540823950212985238e+01
