1.496472109366806968e+01
3.194418072938498554e+01
3.467529233434520819e+01
2.773760745372776171e+01
9.465863602301155311e+00
6.337262840291636223e+00
1.209914647467457272e+01
1.216640218826959163e+01
3.172803900525650533e+01
3.280068291558826843e+01
3.253530969360512870e+01
3.296759825374632413e+01
3.658111779058570079e+01
1.014678957810054172e+01
3.609245414178899125e+01
7.201954818507804390e+00
1.520399372328718357e+01
1.658603210280883999e+01
7.649046677044304410e+00
2.923845325620632707e+01
2.401154690026913130e+01
2.715645153757692754e+01
1.843632670760761627e+01
2.539377360154420060e+01
1.994925607380205435e+01
1.068836387252375530e+01
3.261132466446863276e+01
3.522815104078817683e+01
3.425703261422298596e+01
1.600568948591385166e+01
3.770914321369819078e+00
1.323705172373506755e+01
3.154878283737156508e+01
1.905743780360697670e+01
1.196409449743655529e+01
2.767787902408149137e+01
3.528500118522138962e+01
3.635694982154278421e+01
3.004001171641967005e+01
1.764549437933800036e+00
3.138869877069875081e+00
1.665154167152175901e+01
3.225355861313948935e+01
2.279699778999385984e+01
2.575367856093039620e+01
3.174498853878105820e+00
2.688720591896152712e+01
2.011025307220866054e+01
1.521764208191360623e+01
3.165935255926492076e+01
1.222576542775307651e+01
1.056985768858504038e+01
2.392924877019539665e+01
3.255585680931678638e+01
1.750868170601627227e+01
3.299894875290263485e+01
1.802316247986942699e+01
1.109369569352482365e+01
5.372205354533727828e+00
3.014884390226016109e+01
1.753317677340530167e+01
9.658322713217531330e+00
2.770483310819744105e+01
2.206086139637615773e+01
2.689151107458021173e+01
1.780926129299290750e+01
3.455803448592588722e+01
4.805153628719328829e+00
1.413905927808683671e+01
3.017131822332402891e+01
2.651717210584470408e+01
2.146169328906329099e+01
1.255545002926462850e+01
2.069644166765760929e+01
3.442538336418589751e+01
2.217799628568216974e+01
3.018734589135456048e+01
2.925064957086173933e+01
2.488544203728111626e+01
3.544284020039290795e+01
3.398837333615973932e+01
2.413728296543485641e+01
1.812331983185028506e+01
5.859672366319384373e+00
9.576022807420320859e+00
2.685316864032507667e+01
3.119047969324153158e+01
1.433340904084196588e+01
1.636633834644164764e+01
1.795321044528839494e+01
3.420779418845174291e+01
1.454080800165267995e+01
1.194322182948443434e+01
3.238488961396814148e+01
1.288549759189956845e+01
1.935746032575510256e+01
2.638802036744304047e+01
1.084080566659081590e+01
2.572509773018198942e+00
1.086469566266810638e+01
1.233334526653309382e+01
3.606759550713197626e+01
3.258087804421744949e+01
1.197931499346449513e+01
2.191430497823474255e+01
2.296943707139108071e+01
9.321870249938298159e+00
5.999347025761387009e+00
3.383482787733043295e+01
3.768364840334804455e+01
3.291105545556951029e+01
5.879986727136454761e+00
7.614060016028552980e+00
3.398566340940104169e+01
7.553390949043091496e+00
2.994693029299157772e+01
2.982913219990591003e+01
1.354376037487621431e+01
2.934782721501721170e+01
3.252668438929116945e+01
2.233433700099154251e+01
1.353389730061549123e+01
1.291675935031069677e+01
8.292767557912577914e+00
3.006494625649735042e+01
6.708785470411876339e+00
1.774329667565945101e+01
3.206635368726761470e+01
2.393426653689621020e+01
2.419542614895379984e+01
2.884749104969476008e+00
2.532829626054828154e+01
1.188942553467356866e+01
2.032056762993409649e+01
