8.069503449572653642e-01
8.306915463191603122e-01
9.165037193897410672e-01
8.363869924126333677e-01
8.138266179093375241e-01
8.555293510292676373e-01
7.784995999549392254e-01
7.734138577608155041e-01
9.370462952396997336e-01
7.166808562492315016e-01
9.124037328958616300e-01
8.988590707297862137e-01
9.178993655813223462e-01
8.370976357355561781e-01
8.571308960146302169e-01
8.243571875729207576e-01
8.171231795553671740e-01
8.484557483325670946e-01
7.799422982744794730e-01
6.979395351423408611e-01
9.024409775942763279e-01
8.207654742572231266e-01
7.804745346924619742e-01
8.405201083073370327e-01
6.828395763902722626e-01
7.866488434122311801e-01
6.776982149650894183e-01
8.023304826301114190e-01
8.536162720647985092e-01
8.595596477033086158e-01
8.365528825329056062e-01
8.137127833974250324e-01
8.274085201032016501e-01
8.667535212731786176e-01
8.225691160525389067e-01
8.262434112406367159e-01
8.501397130215786468e-01
8.645282009945799429e-01
8.452160249795998004e-01
8.677715147868980683e-01
8.195223930004681412e-01
8.491212498223080773e-01
7.920308862017555462e-01
9.236442316456964230e-01
8.615028906260704389e-01
8.879996465302270048e-01
7.893260152965990706e-01
8.924944839841305599e-01
7.957038035387244967e-01
7.407153961362155092e-01
6.982153195378737465e-01
7.761151859577103407e-01
1.017863722825318229e+00
8.427649466710249726e-01
6.565901572268557640e-01
8.298779257132309350e-01
8.484732979040995327e-01
6.675207944961902840e-01
9.404087889328798244e-01
7.581913104959880911e-01
8.299196114145865888e-01
7.532220490439158755e-01
8.492208591865232359e-01
9.386655568087689527e-01
9.031925624081804660e-01
9.411014177931906755e-01
7.925991840156529911e-01
6.933952040402777683e-01
7.749184890342962762e-01
7.743731820296920754e-01
8.981568787927494135e-01
8.629005306823660515e-01
8.278510480488671108e-01
7.528598153258962977e-01
8.524336134548411437e-01
8.309963102938149326e-01
9.125500571564612029e-01
8.200537982375862844e-01
7.350066874702179121e-01
8.326293128921906650e-01
8.489501862491488637e-01
6.417008452955497155e-01
8.605568703736071745e-01
8.219193444851157215e-01
9.086060201070677023e-01
8.327820325346079189e-01
8.211139876029369677e-01
8.964670647822253757e-01
8.529848414209209029e-01
7.563362016177416214e-01
7.867635537819614999e-01
8.332986699791717911e-01
8.008074853104676372e-01
8.447394317298266841e-01
4.016685920867782755e+00
8.273326439995207782e-01
8.324966296211823158e-01
7.609544062660870134e-01
9.162897446514466360e-01
8.863097332937945882e-01
7.527345932587059529e-01
8.150214222837780520e-01
6.685525138072534457e-01
8.416581201505300980e-01
6.601563530002908520e-01
7.924589566110330496e-01
7.548119553176753094e-01
8.706833727038383319e-01
7.501836517291667894e-01
1.348493759820016846e+00
7.731684415494760598e-01
8.401044808433835165e-01
8.082573415238971659e-01
8.796244457415127727e-01
8.343723749694004210e-01
8.261207104436379955e-01
6.757476219239174631e-01
8.394548536309685005e-01
8.523215365441365599e-01
7.092330690342214528e-01
7.610044962571032023e-01
7.460969699709244507e-01
7.979496059687630760e-01
1.037713299754889240e+00
8.118303157643844692e-01
8.630239545989024652e-01
8.942972098394420533e-01
8.170553146380257203e-01
8.227488961167090942e-01
8.898175514962486377e-01
7.874680826748839957e-01
1.079922627169355609e+00
7.886969944785436892e-01
8.307894193580409592e-01
7.897630800062074297e-01
8.364321019307726646e-01
8.192194114557923568e-01
9.059738195405862005e-01
7.794979600046986201e-01
8.941018782756191552e-01
4.354856271357243624e-01
8.563695996978480940e-01
