4.828253738930834427e-01
6.506666228550307407e-01
6.759701142314702427e-01
7.015391125835686026e-01
9.160542656530583638e-01
7.578357264828855522e-01
8.826633672435787448e-01
8.373073570451856629e-01
8.897744316849525159e-01
8.677241028290404445e-01
8.696284528541218251e-01
7.669701816719225462e-01
9.755952100222703427e-01
7.857806293373096329e-01
8.602765320942171723e-01
8.988011652311229671e-01
8.207004509137891812e-01
7.294105130640968770e-01
9.088657527642840517e-01
8.780975680421534424e-01
6.873803118549585145e-01
7.711911975890870519e-01
7.046657069197158618e-01
8.130862718111189213e-01
8.047291349541865202e-01
8.154626204820261126e-01
8.839380576590974981e-01
7.246299727132190505e-01
8.740707958629309049e-01
8.860031904160428073e-01
9.568967894326283474e-01
9.063632806727832669e-01
8.875445668186080495e-01
7.721059076097935847e-01
8.614457690257723010e-01
7.513404046890127530e-01
8.444453756982238657e-01
7.291028562864835250e-01
9.823256634545487476e-01
7.395398406001209013e-01
8.872305778409735888e-01
9.347542859852796537e-01
7.771206436534316975e-01
7.110750839635033849e-01
9.110744043235808887e-01
7.672810091282508127e-01
8.305383374147413678e-01
8.803647403157538465e-01
8.426860897272717699e-01
7.282489269413485733e-01
7.622818514856999350e-01
7.810997740835046166e-01
6.330050146710808345e-01
8.074223227006268599e-01
7.207349905874184115e-01
8.971184916641891105e-01
9.127373698776818367e-01
8.023832380109524598e-01
9.470128263989090467e-01
7.471630669838578154e-01
7.684119708089111045e-01
7.708296671072696338e-01
7.197627340039025601e-01
9.053594772160886706e-01
7.456325170757464038e-01
6.981507022628647974e-01
7.068948179093468287e-01
8.360946590548473667e-01
8.407940921208887364e-01
8.480570889848968452e-01
9.307578718512741212e-01
7.576201496876592278e-01
7.848979153714071844e-01
7.230829107072418438e-01
8.330016606665776591e-01
6.431934216080776867e-01
8.760130341120657693e-01
7.332542336346569156e-01
9.207059291004884294e-01
7.758094394025534246e-01
8.648684110911721845e-01
8.372383751113170458e-01
8.782201413069173901e-01
8.332474713306646796e-01
6.693803854516591212e-01
8.825741176932546672e-01
8.959763106563036761e-01
7.791014187438940475e-01
8.759526532480095273e-01
8.920053429296376235e-01
8.337437934058948841e-01
8.362952052085347310e-01
7.275839485038682053e-01
9.094201111343340749e-01
8.944745932823684464e-01
8.650023895730146739e-01
8.942015706910183548e-01
5.800918126791566598e-01
9.300259951825637916e-01
8.638556080165972206e-01
8.874424098119220172e-01
7.915553020653192107e-01
8.793793531396181251e-01
8.748370890371119923e-01
8.844947974290494619e-01
7.750227400579206005e-01
7.802668637826809528e-01
8.003414669168159579e-01
7.663847777222736468e-01
8.668276824557801241e-01
9.323021851742032684e-01
7.913062392610186180e-01
8.414076378631694109e-01
