6.983449317962641123e-01
6.612704527665482779e-01
5.973969997570475199e-01
7.268160428017336194e-01
6.725650515898837778e-01
6.652889553171644765e-01
6.235650067671439922e-01
6.313692450194775541e-01
6.825754989282586394e-01
7.111613076694084379e-01
7.400430743519563759e-01
6.607094140296794205e-01
6.768217557229990744e-01
5.997203517707794251e-01
7.246131078174130602e-01
7.054373215156488630e-01
7.040922990748685883e-01
7.314041644607209847e-01
6.389649988357837262e-01
5.641657651530158635e-01
7.146232919956196916e-01
6.740429633701069401e-01
6.978445606940476553e-01
7.080364789701911743e-01
6.725989821389453116e-01
6.819849260848355188e-01
6.934497323187133189e-01
6.879963338434322839e-01
7.093760674403347677e-01
7.103537574883648231e-01
7.136265663158496420e-01
6.571135789107483971e-01
6.541436274039234000e-01
6.352707203383942680e-01
6.695390706709963835e-01
6.869601697017038155e-01
7.199632413370204986e-01
6.510073199598287452e-01
6.461755678776376355e-01
6.559256106538237097e-01
6.792968885147661062e-01
6.886543558782659558e-01
6.997230449872722247e-01
5.363371692631426768e-01
6.615764682352960335e-01
6.754917169939790300e-01
6.329221856292338577e-01
6.823322200736129384e-01
6.900602185990646342e-01
6.695837505205622930e-01
6.792524261076050562e-01
6.683550578870768311e-01
6.921232101771306322e-01
6.529613575106555379e-01
6.897609024449934401e-01
6.203328348582977103e-01
7.001762122200215765e-01
6.695619075815170129e-01
6.796897302381762485e-01
7.069157748580709999e-01
7.050775288563250198e-01
6.985036669913279317e-01
6.502586692385443623e-01
6.994224816074142703e-01
6.759316536926667229e-01
5.999016359077677940e-01
6.329538187189563958e-01
6.981611855684832779e-01
6.692542607355584927e-01
7.194166334176201882e-01
7.253012670358066627e-01
5.913199436628633343e-01
6.011538403504368411e-01
6.244173258639625912e-01
6.781114313012517325e-01
6.442824168641072546e-01
