nan
nan
nan
nan
nan
5.380658256892247859e-01
8.470766158086999731e-01
8.303947665189606031e-01
4.214971433921780308e-01
1.642831997508169550e-01
7.515654088459244875e-02
2.607305298533479920e-02
8.895175419503464909e-03
2.857532376236759930e-03
8.491695074970273538e-04
2.828456089559727715e-04
1.451535900737210838e-04
3.216155763308137239e-05
1.024917308845019193e-05
2.229760863503571500e-06
9.015229187614437478e-07
1.885089601083578259e-07
6.703595878398971308e-08
1.299376850560918228e-08
4.420863009002573563e-09
4.529234765016099118e-10
1.064143217988089418e-10
7.011113911659094811e-11
1.971534047129352984e-11
4.342748383123762324e-12
2.077449323678592918e-12
4.028999356364693085e-13
1.220135104063047038e-13
6.661338147750939243e-15
1.890969572634748208e-15
7.842240559924675917e-16
3.350742195523116436e-16
1.228938419223754949e-16
6.395737961846594294e-17
4.189412464759100734e-18
5.936989963892822119e-18
6.848966938384675126e-19
1.221245327087672194e-15
1.630391347459572902e-19
5.566813204894310666e-20
6.168122696461042855e-21
3.026632225444211943e-21
3.330669073875469621e-16
2.220446049250313081e-16
7.771561172376095783e-16
2.568233469535336177e-23
1.032588615486808761e-23
3.650892484101025780e-24
5.551115123125782702e-16
3.330669073875469621e-16
8.881784197001252323e-16
7.923946244066311580e-26
5.551115123125782702e-16
7.771561172376095783e-16
0.000000000000000000e+00
1.122403278464722757e-27
1.383277911280363024e-28
2.077033569095349112e-28
1.257830210261436313e-28
4.314466838894829969e-29
5.551115123125782702e-16
5.551115123125782702e-16
7.771561172376095783e-16
7.771561172376095783e-16
3.330669073875469621e-16
1.443289932012703503e-15
8.881784197001252323e-16
6.918395856203574112e-10
0.000000000000000000e+00
nan
