4.197826164128969362e-01
5.204795199600243949e-01
4.584893034890160646e-01
5.043312705598554935e-01
4.659116515606478992e-01
5.241583242265051013e-01
5.465755673642206380e-01
5.180894721550999282e-01
5.214520090552536846e-01
4.758222674521698781e-01
5.033324193785165823e-01
5.019609075892594863e-01
4.593074420254265600e-01
4.360433538850179702e-01
4.383441089103575772e-01
4.852333788313262786e-01
5.227134866602705099e-01
4.493461645788079384e-01
5.323930427370305862e-01
5.113057298944341245e-01
4.725333861597050822e-01
4.554190080898865567e-01
4.085355095549266236e-01
5.080900552225807720e-01
5.318132422456778308e-01
4.836552088213920686e-01
5.056289451226961829e-01
5.000677706097235165e-01
5.186186388607280096e-01
4.714273598739759930e-01
4.540174932737841007e-01
5.127258046837459560e-01
5.282023206138500848e-01
4.873219682124454444e-01
4.854623963220410787e-01
4.674234671434032706e-01
4.755359527236737716e-01
4.570375165354653157e-01
5.002683748297340749e-01
5.158684497192416174e-01
4.565466082533589653e-01
4.750411070961286231e-01
4.833246083748554134e-01
4.628769781532946492e-01
4.789218832373535184e-01
4.403536517883526180e-01
4.749348602355962790e-01
5.296568927832914220e-01
5.039119230937398886e-01
5.267488760022797090e-01
5.001459063051220122e-01
5.007481084400342564e-01
4.767479720853088909e-01
4.326935990735182869e-01
5.153400598402549937e-01
4.893322292310790522e-01
4.792375932399318139e-01
5.092713838275290117e-01
5.268469115307561346e-01
4.699349081872696843e-01
4.217611468875725467e-01
4.494500639405168974e-01
4.695914533247196321e-01
4.864141612712978846e-01
3.986972048510233346e-01
5.180827367500546732e-01
4.798351536242353443e-01
4.942296724380185191e-01
5.282275460346659290e-01
4.723515918939642511e-01
4.778924102659630191e-01
4.804298005443274899e-01
4.854722263178655184e-01
4.848273020535225353e-01
5.035014685934606771e-01
5.174108019873893127e-01
5.150981709368533945e-01
4.778705291504047881e-01
4.940208123661545825e-01
4.702060093274599284e-01
4.462059621036064683e-01
5.000831252645343561e-01
4.628360921491912472e-01
4.920128499717930093e-01
4.490164809112479616e-01
4.164723174837945407e-01
4.327680502771272808e-01
4.582466560428474778e-01
4.725844162912585245e-01
4.867874711105923957e-01
5.266002488623826583e-01
4.589933306890929821e-01
4.789850119341917956e-01
5.028543512716305841e-01
4.831078747245828864e-01
4.382580225425249387e-01
4.783192230141230517e-01
4.676185869847563348e-01
4.557347771440095063e-01
4.834810077057954958e-01
4.464206034352878327e-01
5.035256607180622623e-01
5.066591549719510201e-01
4.383219416525435119e-01
4.776981077146729149e-01
4.646658538772681091e-01
4.763836705061816890e-01
4.891566033235062450e-01
5.100258515535052162e-01
4.401905210932613999e-01
4.931888960662377253e-01
4.578908037236920081e-01
4.529355639970640279e-01
4.792254725623684153e-01
4.953865550088880632e-01
4.380072662765405744e-01
4.649203824248206995e-01
5.126660372863830473e-01
4.962914672217175194e-01
4.388156142663228731e-01
4.731547796141353235e-01
4.971002311679012520e-01
4.662448719391932284e-01
4.886383853923848553e-01
5.040168567414730072e-01
4.643184750150908258e-01
5.020637767632343262e-01
5.062427858991440655e-01
4.637613828164376395e-01
5.146683129078951646e-01
5.202970117301493058e-01
4.077379280319701205e-01
4.903189287502982552e-01
5.157394485690861563e-01
4.987310712699195570e-01
4.184875981405525858e-01
4.392768484748102997e-01
4.824914214156251768e-01
4.797838934006062872e-01
4.605484217436173755e-01
4.940931743112036978e-01
4.879446245139092975e-01
4.691048659204307136e-01
