-9.000495561656407517e-02
-2.845519648996423512e-01
-3.335036547469258372e-02
3.630833499658137759e-02
3.862788694527290456e-01
2.263376634971109649e-02
1.256846872549272076e-01
3.079866051433214139e-02
-9.412092760264841040e-02
8.496459161045208375e-02
-2.548499980827858558e-01
-1.081691965846539455e-01
-1.390658921143040072e-01
-2.264532806887329525e-02
-9.976914815793179458e-02
1.656193699758978233e-01
-6.262700547519102490e-02
4.500998714925174421e-02
4.301757198423195039e-01
1.663890302371839880e-01
-1.501908508979011014e-01
8.117988712203441648e-02
-2.376610197711329434e-02
-2.084850930522483825e-01
-1.359864782931902161e-01
-2.206219002026711118e-01
-1.184538175615722361e-01
1.481676759501840412e-01
1.094231868473025254e-01
-1.887251427031435558e-01
-3.664329689576936722e-01
-5.520296881394812921e-02
3.454872729876570098e-02
1.450466835819781974e-01
5.545922481535399233e-03
4.689149060525209939e-02
1.476945809865060355e-01
1.506172708499207112e-02
-1.209419024935175502e-01
9.629586008938303965e-02
1.321620147931360512e-01
-1.005495245730753662e-01
-4.704527721129921070e-02
-2.086802403997052024e-01
-7.362922971219632018e-02
2.275155164138027361e-02
7.790573947375378783e-02
9.140579004378651673e-02
7.206364312066625144e-02
-4.674680055768476276e-03
1.373862349989451448e-01
1.274854025622391973e-01
-1.699782602043342292e-02
2.455119467132703751e-02
