3.233958810733452149e-01
3.413811101445503593e-01
3.789242647635455707e-01
3.053429030564120961e-01
2.768526991887506616e-01
3.361762309961318085e-01
3.593876454771657292e-01
2.916729728492782892e-01
3.364214245300354289e-01
2.859569859324778696e-01
2.945359467436469703e-01
3.085677360391696489e-01
5.315895041113012809e+00
3.244526131340285113e-01
2.616546371905655866e-01
3.305090796091076366e-01
2.880204832697472739e-01
2.437426618618928897e-01
3.266852690190716890e-01
3.243642497008295544e-01
3.146151180110541845e-01
3.137698600887915967e-01
3.056081043708605005e-01
3.856441019584758712e-01
2.701564975515134415e-01
6.494855060687928505e-01
2.466718820921892097e-01
2.889935204481389741e-01
3.136782123660259436e-01
3.016225522803915871e-01
2.664784394355183550e-01
-1.038705451154855908e+00
3.753444828225508623e+00
3.326398441228025082e-01
3.371576008690613246e-01
3.018931024282687781e-01
2.675246363677502015e-01
3.366094372138695445e-01
3.210848064836568372e-01
3.115257881657430561e-01
2.390982969149922643e-01
3.203302125017989943e-01
2.069088613791723319e-01
3.119640832992536250e-01
2.562714975949802465e-01
2.974253346876821746e-01
4.236346684613476743e-01
3.184482225836973157e-01
2.972478270506598852e-01
2.899848207962372748e-01
3.383924106320887470e-01
3.532250090335651294e-01
3.108341915788991883e-01
3.210554447343361151e-01
3.287045750160268454e-01
2.621532313362968103e-01
2.835671445774414767e-01
3.112945828306781237e+00
2.849202692037169915e-01
2.957410531457708158e-01
7.721580192139253507e-01
2.820349465537492772e-01
2.888547922967563686e-01
4.105920902990942700e-01
-1.700537100270619328e+00
2.469916230925373490e+00
2.431330832770277062e-01
-2.074724204817944173e+00
2.769829982567957760e+00
2.772699982589506562e-01
3.066877124294592472e-01
3.397411079335074802e-01
2.954392839215597699e-01
2.776057486798458873e-01
3.664121551632365525e-01
2.943408662006345433e-01
3.076729181494283760e-01
3.205640995758722300e-01
3.063739545463977088e-01
3.251410493513617328e-01
3.316044581421578874e-01
2.913423534477919685e-01
3.525884659756843842e-01
2.914813979448228842e+00
2.653130527653524973e-01
2.911989873691914199e-01
2.997139903497941238e-01
3.485824431662535861e-01
3.436648501723720828e-01
2.662668904971474126e-01
4.504051741858052238e-01
3.025255057076515208e-01
3.117045470123753215e-01
3.312448264482736882e-01
3.590350903202033650e-01
3.097700292683066570e-01
3.155909979889793271e-01
3.083852784878081121e-01
3.967050816914297617e-01
2.986065668768651538e-01
2.902787541501015700e-01
2.925530942174850435e-01
3.090213503460699784e-01
3.180706511458106234e-01
3.040037664762712533e-01
2.511175424244425081e-01
3.332117030981908146e-01
3.283775012439855145e-01
2.717427159385647495e-01
3.098553034809128914e-01
3.949630618441528629e-01
3.394753352055204232e-01
3.485339563832235421e-01
3.109865876359685921e-01
2.362216430092848873e-01
3.311555393297476169e-01
3.460102870418723109e-01
3.406950983853698767e-01
2.865787522626055961e-01
3.596358047494527255e-01
2.961441909605309619e-01
3.046627721933077848e-01
3.171205488414284290e-01
2.890177494875842967e-01
2.451651011316744178e-01
5.700573505846568967e-01
2.476825346536475070e-01
2.583533930489420594e-01
2.421855516206826486e+00
3.102537127717573395e-01
3.237535925424094851e-01
3.185086012217652751e-01
2.747583643091411343e-01
3.132705173805698240e-01
2.730788801579728808e-01
3.095495517076483072e-01
