1.642221558050550867e-02
-1.269205933682337750e-01
9.005616890353508597e-02
-4.990493423181760480e-02
-5.468698474993516356e-02
3.929793703473308253e-02
9.758419074785365521e-02
-5.638679234817004643e-02
8.383379374796504080e-02
1.752912945083835543e-03
-3.411652182896262042e-01
-1.173790050833895260e-01
-2.670575043210084432e-01
1.484292721048632337e-02
-1.305382395800666062e-01
1.071783196427324447e-01
-1.425901778482989435e-01
-1.001127437342847759e-01
-4.461310153019781150e-02
-1.990651224223910221e-01
-2.764572088075175071e-01
6.882385679410844836e-02
-5.771968069169815946e-02
-2.349488389410617106e+00
1.188278898221142334e-02
2.331684280411536539e-03
-4.528748499847495140e-02
-1.316486737878676538e-01
1.980934077947642813e-01
2.877135853574486757e-01
5.874772452040986220e-02
2.130251886040923637e-02
1.323421891360459235e-01
-2.116400341987889622e-01
1.383938827855558940e-02
-2.186459014249294286e-01
4.057835833855506086e-02
-2.862576219468598859e-01
-2.552067973143209642e-02
-6.661181462011597776e-02
-2.013268899157776570e-01
-1.855823303058534934e+00
1.215987174263091254e-02
-1.859176107566133940e-01
-7.961808552688459661e-01
-1.990720427170195594e-01
-2.277844846816543534e-01
9.098841106631880282e-02
-1.623633066492317367e-01
2.349422046712358325e-01
4.462077496914958197e-02
-2.024786387907738516e-02
-2.113113142648370413e-01
-1.203636719341925204e-01
3.212730751242218741e+00
2.893190627803221560e-02
7.105552807981439789e-02
-3.382932747781069310e-02
7.784255380715990325e-02
8.486202507016286575e-03
-7.646680544013065295e-02
-1.198766665813735671e-01
1.250746550966027812e-02
-4.510897891544061317e-02
7.994927862601571011e-02
9.034887944699221407e-02
2.458927332714438280e-02
1.129673168330157240e-01
-5.319305180703508967e-02
-2.116931747632486427e-01
-1.321689607192143845e-01
1.578436441735090179e-01
5.080240093589381140e-02
-8.481574633473553115e-01
1.353765054344728547e-01
1.690064111083756926e-02
-1.493501951981613673e-01
1.798789025396257679e-01
-7.316112740086225252e-02
-2.411136349623620723e-01
8.272536953336896703e-02
2.570794141022724744e-01
-7.056567738801050593e-02
6.940330684212994705e-02
1.077260165191546576e-02
2.411174714550520515e-01
1.684067128917035930e-02
-5.235136759036436438e-02
2.310581355104773110e-02
1.299310572228728200e-01
1.153148389231546389e-01
-1.153653400681435015e-01
-1.914579473733624693e-01
1.417256322904029142e-01
4.928335070978079324e-02
-1.987086541054827737e-01
1.555138977350838947e-01
1.536119273445331057e-01
2.489328530083185012e-02
1.125386717848613216e-01
9.307566450803847480e-02
-2.559260280894841144e-01
3.360954061762436162e-01
7.738035147838104311e-02
-4.707157825665603951e-02
-5.559939672779819209e-02
-2.530510542197816903e-02
-4.804142448552625039e-02
8.227599457367204550e-02
1.443191761494040382e-01
1.359193566991064028e-01
5.512363434204473750e-02
3.068764882155164755e-02
3.553988189369260975e-01
7.632153240679998008e-02
3.311772860654627754e-02
7.880700964214724935e-02
1.288826297933951502e-02
2.552396552394771145e-01
3.963584532863478893e-02
-6.413440431238541517e-02
1.394493348451760623e-02
1.207104362847070400e-01
-2.769874671553952949e-01
1.486124106417338331e-01
3.619459963840597483e-02
-3.355186872191211200e-02
2.716803626847195084e-03
8.429538440193141968e-02
-3.373389335635010745e-03
2.224626806317132888e-02
1.272651448727288026e-01
7.181078907032883984e-02
1.036956579442329524e-01
-1.518852383595174216e-01
3.950591549192495472e-02
-5.792261628909387006e-02
8.887703346881949129e-02
2.663333426908479767e-02
-4.633421388119700335e-02
1.300636519982657502e-01
6.583581193941596965e-02
2.702358059822154157e-01
-1.022677918151487092e-01
2.748734482316080863e-01
2.586739127132784422e-01
3.070722461235163570e-01
-2.773513744095532640e-01
