2.844749269458998198e-01
4.939003993559004102e-01
5.015185451859384136e-01
1.500312500500744939e+00
4.606848630956688062e-01
4.495946735157167473e-01
4.383938438889117828e-01
4.908001480050802612e-01
4.576805287461752636e-01
4.631225190565760319e-01
9.367575737838206296e-01
3.815067122817686340e-01
4.626343858314976298e-01
4.897065855658570555e-01
5.393516671112342786e-01
5.009343264753738367e-01
4.488065888827350025e-01
5.210797789310436245e-01
4.527671282864912383e-01
4.930611522996992124e-01
4.897606902661095774e-01
8.896807535431002778e-01
4.497603131638379659e-01
4.508556565912249514e-01
4.906102348112790223e-01
1.199636256363833198e+00
4.675716401811155221e-01
3.654096578278222540e-01
4.964710760795492117e-01
5.082398286153124722e-01
4.808121708164481145e-01
5.309104713583792101e-01
4.486042428277732808e-01
4.854783857174947981e-01
4.750073302113833051e-01
4.397486552098439638e-01
4.529572669450749323e-01
4.592273298733607345e-01
4.583452349972663153e-01
4.230592922455525540e-01
4.482935579941067505e-01
4.575255837114150514e-01
5.207658277127484858e-01
3.962860118708999568e-01
4.778639052827793332e-01
3.694041844781532080e-01
4.486023921754213051e-01
4.672926017649797203e-01
4.684743834731193712e-01
4.753606134653409754e-01
4.946341858179607587e-01
4.627494834613048447e-01
4.357916202786213944e-01
5.347261163543134410e-01
5.444381433822877980e-01
4.472836482766115451e-01
4.860145746505213360e-01
5.397948606961268103e-01
4.962608289340914580e-01
6.770271089191305380e-01
5.167780203430356600e-01
4.984048880962996253e-01
5.497500289557387676e-01
4.572170848538849031e-01
7.177438581009459861e-01
5.014603468033488332e-01
4.841782658079773483e-01
5.269273503813269866e-01
4.904920199862272123e-01
4.306349633478612215e-01
4.765523496174319251e-01
1.024357824907190295e+00
4.746059325585679223e-01
4.615893395207399386e-01
4.968238022817240696e-01
5.065268766089456864e-01
5.027295418727339982e-01
4.419031923654529459e-01
5.363005841568974086e-01
5.370146968600897353e-01
1.061417342638837802e+00
8.816165373336320998e-01
4.943491122133855109e-01
4.477259512369096139e-01
7.585272225205949015e-01
6.780193829439258302e-01
4.694039707271281392e-01
4.748387249779170705e-01
4.701943345385689033e-01
4.653996566892192321e-01
4.609999659210620715e-01
4.307232275710498604e-01
4.689806628736005178e-01
5.791921920709023341e-01
4.705711256205654669e-01
4.904173880914799999e-01
4.883290612245037021e-01
4.305362180451652310e-01
