-5.261447328710497473e+00
-9.727237086183844639e+00
-8.021917136804773918e+00
-1.781223674459361206e+01
-3.732086225897713661e+00
-1.551775230566670061e+01
-5.332893976251160240e+00
-3.569024179784172190e+00
-2.312431800227577483e+01
-8.040793462813756065e+00
-1.053609608379120388e+01
-4.312754259802444423e+00
-7.379161608833413766e+00
-3.704009327721230704e+00
-4.139941336368684333e+00
-1.254947717690841813e+01
-1.811330709879313972e+01
-9.260508725743793690e+00
-1.904669245449310466e+01
-1.902812572575813377e+01
-9.980516730986746410e+00
-1.140250287152848330e+01
-2.575776372113050883e+00
-5.914859305101138887e+00
-2.233720472634960785e+01
-3.172870321235821578e+00
-2.994080141757718749e+00
-1.309150388611098492e+01
-6.363788394835083295e+00
-9.427261504970562811e+00
-2.937901718703574971e+00
-1.718224983938125661e+01
-5.024694860366366811e+00
-2.735897696008002811e+00
-5.525753624301973588e+00
-5.461252744778050783e+00
-1.607062035330474359e+01
-1.262395073188185179e+01
-3.442534136137172851e+00
-5.843893431580553965e+00
-2.993912071691772425e+00
-3.053861078581778798e+00
-6.419347050578092961e+00
-3.575157626301161073e+00
-9.144372890978274881e+00
-7.448518450216649711e+00
-9.191571540831034781e+00
-1.653409846045369491e+01
-9.530073154481943476e+00
-3.231620503211484419e+00
-1.192289664422920836e+01
-1.173931389194257235e+01
-1.276468789511433499e+01
-5.586874277904911423e+00
-7.018332258930300327e+00
-2.069757482813843552e+01
-5.285191106366593061e+00
-4.719265070442148158e+00
-3.637991524475207683e+00
-1.142438772862394814e+01
-2.726834644915632211e+00
-4.400886234622165105e+00
-9.104206175589354189e+00
-3.222034183885726932e+00
-3.847510828097169266e+00
-1.265700987241395836e+01
-9.215142081571663368e+00
-1.546916187794890618e+01
-1.072530045136022636e+01
-7.583680960050553921e+00
-4.235394200122609476e+00
-4.375699210200554745e+00
-1.329316191103659150e+01
-2.207818794344412083e+00
-3.988567051462153401e+00
-3.820764587265147227e+00
-7.966503675579389210e+00
-5.342069175687136351e+00
-2.272441609685387576e+01
-2.033607554622101432e+01
-1.636596744257145630e+01
-1.723650942231184047e+01
-4.596202593313122975e+00
-3.131533968450527894e+00
-3.713784354599338755e+00
-7.593985870204548405e+00
-3.062381396918462784e+00
-8.765067535422474521e+00
-4.115324409441821985e+00
-1.733662100921008786e+01
-8.649563422768920873e+00
-4.296809985591607983e+00
-3.192263878691719015e+00
-6.178177089840652059e+00
-3.416465798753311134e+00
-1.247494486444359296e+01
-1.268911022028587254e+01
-7.387520123156392060e+00
-8.852644202127528672e+00
-1.614259124359824327e+01
-1.532626226192933316e+01
-4.143879253298649701e+00
-3.918103750075985658e+00
-1.238432211713752196e+01
-1.326563044540266390e+01
-1.321732893500659500e+01
-1.141454045693444641e+01
-3.314310107706639030e+00
-1.040168305029354201e+01
-9.997313744143241365e-01
-8.131486024163553594e+00
-3.353637209622059245e+00
-3.139470556049117178e+00
-7.425700016739064324e+00
-1.574011360813952365e+01
-4.238863283109251867e+00
-1.357656389596804303e+01
-1.039198667792268083e+01
-9.234529386465940348e+00
-3.313527129010875427e+00
-8.851125634545518039e+00
-1.181645437855729952e+01
-9.861534884853522698e+00
-1.918053263571878020e+01
-9.832398119202220954e+00
-4.056767089138682891e+00
-1.584876345039381107e+01
-4.319967802071213114e+00
-1.335665574773620179e+01
-1.358303087325070280e+01
-5.375395261644513312e+00
-1.777585153676949403e+01
-5.665948303338250724e+00
-4.406384284811720065e+00
-4.542082124764272422e+00
-3.919419824733878954e+00
-5.670873227774357872e+00
-6.763881482819153135e+00
-1.575772725015156084e+01
-6.731343500739475516e+00
-3.997969642146957270e+00
-3.553180930227497925e+00
-1.261820805721835015e+01
-3.021813433649500169e+00
-1.633553694780992060e+01
-3.738296931089697850e+00
