3.972545985602437407e-02
-1.376548992923744621e-02
-1.225733804762398939e-02
6.111576614614335767e-01
6.301518291400042861e-04
3.642569168632519422e-02
7.762784451299581390e-02
1.583681820553238181e-02
1.831368447552097212e-01
1.155642403859928917e-03
1.282688432618442689e-02
1.332279229598157082e-02
1.077942613660638933e-02
1.002664542118054773e-03
5.026934326549621634e-02
-5.292375674455002121e-02
-1.343439871627936065e-02
1.375468350678488681e-02
2.492853646757737379e-02
3.142846780538888912e-02
9.197462939459910688e-04
2.051317045830956115e-02
-2.391208413708739017e-02
4.193111325716415705e-02
2.146315223872988925e-02
-1.850761906057073192e-02
1.467062968515619960e-04
-2.127955332681494716e-03
-5.638723435524752546e-03
-4.898152641845683608e-02
-3.977478611344622932e-03
-1.155309082322560250e-02
2.237366245927660188e-02
-2.716946336708588039e-02
-1.179707368668118754e-02
2.057522235995179472e-02
-3.187555823446246162e-02
-2.520805827964409107e-02
-1.702969202818110234e-02
-1.777238179859068692e-02
-5.327931117693082870e-03
4.633519839359565018e-02
-1.743787707385422488e-03
1.557054299428273128e-04
-1.903127702252731951e-02
-6.872867139387381363e-02
-2.042071723492654145e-02
-1.211924768035260030e-02
-1.724835213584583480e-03
-1.277167891282033479e-02
-6.421464010622912480e-04
-3.416288810674700249e-02
2.743945199848439945e-02
4.591657427305335937e-03
-1.307259004289733177e-02
1.242024742601756729e-02
-1.821494712422122575e-02
-4.062399039844876575e-02
-3.213342219991090990e-03
-1.898287922212830298e-02
3.193877576375030169e-02
2.644875362003290195e-02
-2.254756599661504948e-02
4.906426138632013828e-04
-1.769002238658970438e-02
-1.295884035248150157e-02
-8.209899744489348311e-03
9.377681746169628380e-03
-5.351147333374228505e-04
2.065134055300745647e-02
1.005325622139650876e-02
-6.586146278585601477e-02
8.928029766880172732e-03
1.126999125884822241e-02
3.869426816600139013e-02
-1.408794802747763766e-02
2.832054217969243864e-02
-1.172660623103013305e-02
-1.223429315813859925e-03
2.565284058947327195e-02
9.200980535767939658e-03
-1.055537602182255418e-02
2.696187455438803270e-04
1.068269005256809040e-02
7.740495558897464131e-04
4.970355896978048693e-02
3.794090265159866032e-04
-4.934731146215654094e-04
2.334816743781459661e-02
-2.109820947788193859e-02
2.869700141242105887e-02
-1.080103102379553065e-02
2.246338674315154563e-02
-1.053788380770527035e-02
2.683077447547702749e-02
2.426805071389992463e-02
-2.954101624150837213e-02
-1.296752617099002775e-02
-1.307434324801136014e-02
-3.313052587721244946e-02
7.456712808899510631e-03
1.267381758106012144e-03
-5.699970945332779454e-03
-6.614079712288684770e-03
1.499402241347525021e-03
-4.510445857515082979e-01
2.373479561647229633e-02
2.118191057021931445e-02
-1.366534650657342739e-02
3.015043318298569197e-01
2.632452885002407872e-02
5.116916929296451422e-02
1.093704612508986443e-02
-1.777021447844208402e-01
-3.611325968891151289e-02
-9.081465848544212696e-04
-1.521466540761082405e-02
-3.328127094159071681e-02
1.133444010635003022e-03
-2.303946179836884739e-02
-2.090527818897214632e-02
-1.462405118207868795e-02
-8.458752490355437345e-05
2.041888765456633184e-02
2.647728120217380035e-02
-2.109276172417935604e-03
-7.230550875874542250e-04
4.241909749820308578e-02
-2.938833195772986087e-02
-1.414903868745341284e-02
-1.174153929614590169e-02
-8.696786626927632824e-03
-5.773680321021060907e-02
1.231493026473629016e-02
3.460741785057052516e-02
1.310957617317683351e-02
3.787598732283867925e-02
5.267923466903880886e-02
4.848630366831229929e-03
-1.009986870219222593e-02
3.341579067275802367e-02
-9.116863859526347456e-04
2.349171318880394210e-02
-2.562024792990428082e-02
-4.531523053485670728e-03
1.344498957579844459e-02
-1.707321466289045062e-02
-5.359587723601180569e-03
-5.064602634547213378e-02
