nan
nan
nan
nan
nan
4.001920503850419086e-01
2.830891911606181477e-01
3.780054252044035001e-01
6.539915891908689716e-01
6.363254499310397883e-01
4.965117438507697933e-01
2.829843732543393386e-01
1.197880668137729643e-01
4.990840794297268790e-02
4.074279496225230446e-02
3.139903131250654233e-02
2.524498181691658960e-02
8.218760188509166564e-02
4.712722434543092920e-02
3.095196357104357254e-02
1.762189299568417411e-02
1.153313662458566036e-02
1.737982313424546454e-02
8.795993481944708314e-03
1.236092153716494835e-02
8.615453472050060846e-03
3.304026745224175610e-02
4.567022383567542754e-02
9.835861113032795533e-02
1.101492054294067602e-01
8.770085590656839791e-02
9.263300650534889158e-02
8.965100374533641059e-02
1.416174950140369759e-01
2.178050742449512134e-01
3.114169657559051618e-01
1.691043280334587617e-01
1.405833730931396186e-01
9.656858314194238790e-02
2.061621711744521246e-01
2.328833718560942012e-01
2.384936181631610586e-01
3.130132321204088797e-01
3.672220030382227218e-01
2.603043719100002207e-01
2.799176233010988168e-01
3.577406332801676969e-01
3.379113669614596249e-01
5.259562207719140625e-01
4.894043821393299076e-01
5.577956472236268448e-01
5.168773379129034673e-01
5.077410992060893413e-01
5.417377984100137933e-01
4.733418913791551663e-01
4.970876794374590180e-01
6.043841819326204456e-01
6.461995136601874634e-01
4.076081100263758694e-01
5.118612431160369791e-01
4.185484886614826427e-01
3.944485469555552015e-01
4.162305335746171453e-01
2.575854576652047978e-01
1.948677197898862623e-01
1.210604987778099995e-01
1.285507696438510372e-01
9.420121779056422895e-02
7.109849930263678619e-02
5.420366735130510705e-02
5.196295253486393761e-02
2.933956674975224388e-02
2.205977990819829593e-02
2.097946260962690879e-02
1.746214905040266441e-02
1.098702884172686467e-02
7.058557261872766553e-03
7.347027348236445654e-03
1.276509779841628056e-02
8.927623189007638516e-03
5.030366580697220869e-03
3.220882288670900984e-03
3.251488403814506434e-03
1.816864273631035864e-03
1.117828919901309170e-03
9.226945330487179575e-04
4.065133215293004199e-04
4.134078537818552945e-04
1.777208512433459120e-04
6.789327513889720223e-05
1.330679537152601455e-04
3.823405300118487560e-05
4.119317304529523938e-05
1.889932012311135168e-05
1.071558495768787367e-05
4.514414845169234525e-06
3.253489347376792296e-06
2.308202453615848526e-06
1.194407368232397459e-06
2.056873447786600195e-06
8.069718044900753284e-07
1.997654036633988994e-07
3.285484790893633544e-07
2.665590650430260666e-07
1.841649472922313180e-07
4.848552381808701739e-08
5.764167698707467480e-08
8.473225798777406226e-08
6.158441889780874590e-08
5.444915629482238728e-08
5.810515157911311235e-08
9.074407769649184274e-08
nan
