5.507779969051522784e+01
5.527254646527482151e+01
5.564732342768409268e+01
5.531975353528393669e+01
5.588295132437360735e+01
5.504134506116159997e+01
5.559979799400952061e+01
5.503551746644048848e+01
5.501472945954203908e+01
5.598656911096359323e+01
5.684050898553984155e+01
5.553016370510682975e+01
5.510574499462558151e+01
5.570544948421949982e+01
5.508272870568369228e+01
5.551010392554174899e+01
5.513895119084336471e+01
5.994448964422522863e+01
5.518493603808757086e+01
5.555286654513719213e+01
5.508789097521384548e+01
5.543067621604745909e+01
5.504601486537497834e+01
5.591632167297785116e+01
6.348490027017999182e+01
5.578163576061601958e+01
5.579390135744183254e+01
5.585247186417544185e+01
5.544247857748506902e+01
5.595256683157452926e+01
5.544046022245054672e+01
5.550511785934369158e+01
5.504450561115462648e+01
5.527255698728865241e+01
5.549223009829034936e+01
5.531960134537654739e+01
5.553085086439441653e+01
5.589450016694761558e+01
5.528177030136119185e+01
5.542199554587176635e+01
5.576421248075411086e+01
5.588106564408543164e+01
5.540007108252699197e+01
5.520657277938575902e+01
5.568105189502696817e+01
6.003946614879775012e+01
5.541312193344406722e+01
5.516348996768977031e+01
5.597388990366648187e+01
5.586031372739756762e+01
5.589553247863005936e+01
5.978935661300260307e+01
5.573281623814809649e+01
5.569506128140987755e+01
