3.366505545750726747e-02
-4.331212616901530255e-01
-6.702928994561375975e-02
9.501602550654637824e-02
-2.003103720199533172e-02
-3.006693134853890073e-02
3.932952769110101970e-02
4.174074869242963559e-01
-6.416295185071828611e-01
-2.591509895460706314e-01
8.233255153363529255e-02
-1.429972609476647116e-01
1.379412691348022579e-01
-1.011874469732848558e+00
-2.766335096983039143e-01
2.534594284257764285e-02
-5.428486298269615817e-01
-1.197920199596251289e-01
-2.035456017175897581e-01
-2.254245332634013596e-02
-1.959421141000967648e-01
-1.942742521403238165e-01
1.082080006412525081e-01
5.421039598843890167e-02
-3.660755557860423393e-01
-1.076651533216278211e-01
5.279385734327536328e-01
-4.299251098804838245e-01
-8.682300170078292856e-02
-4.453145214345721747e-01
-1.837794224386397057e-01
-2.328304823031169146e+00
-6.743980004654304139e-02
1.471143392001613426e-01
-1.471645365713016018e-02
-1.306485802992528866e-01
-1.666608663072918217e-01
-1.860062000349699818e-01
-1.326132782181416836e+00
3.588575973788761253e-01
8.135964743249815556e-02
-3.609894383970185805e-01
-1.274723025122716513e-01
-3.773580989193891511e-01
-1.161889763408410658e+00
8.546186067863800750e-02
-4.190173373317634259e-02
8.164820654656125554e-02
-3.498933442935219795e-01
2.325860191720448833e-01
2.359872634503494826e-01
-1.966445060380857868e+00
6.961636004672755451e-02
3.678576415804718502e-01
-2.870256220243538881e-01
-4.500431436250301176e-01
-3.815684113168947289e-01
-2.747206692142458717e-01
2.979452674320896000e-01
-3.763994874672658697e-01
5.944120910273085340e-02
-5.584766563507048698e-01
2.524448010383707475e-01
-2.393130508886508745e-01
1.072954322703878888e-01
-2.087172230257806349e-01
-9.468245329580611547e-02
4.069652613088192150e-01
8.090363241728482091e-02
3.305087311185048171e-02
-2.284859725122157792e-01
2.064384420801593512e-01
-3.634966572175744592e-01
-3.743760557842950032e-01
3.969469402898994498e-02
1.474563874815280062e-01
1.766574178117889526e-01
-6.371959424068223132e-01
9.346126488633302309e-02
-3.173036810170231092e-01
-1.097349202498821841e-01
-4.723627570157645783e-02
2.940856276006570749e-02
2.828867259882826835e-01
-5.647074673468636952e-02
2.818466885327552407e-01
1.678042528124024145e-03
-2.638768618166630886e-01
-2.085571767401233831e-02
-2.825403533765154518e-01
6.036997761159682008e-02
8.767644479221643750e-02
-2.944624922254774832e-02
2.543467318049795201e-01
-6.794529433995705192e-02
2.186097678719704507e-01
-1.974982354536513052e-01
-6.876677946522931351e-02
-1.438492227742017328e-02
-8.173691486628370528e-02
1.035514938394692247e-01
-6.381755460496706112e-02
-3.902765344596207386e-01
-3.013823020095969529e-02
-8.422218334151359009e-01
-8.884830934574047268e-01
2.064753897438220132e-01
-2.057759215158080357e-01
-1.163703993279568694e-01
-2.793384281086758736e-01
-8.906531775349321722e-02
5.515110930140849910e-02
3.180228464425441381e-01
-1.676248270713074327e-03
-3.798220874640938494e-01
-3.844121841619511093e-01
-4.796139478163778391e-01
-5.638660130111361468e-02
-6.261294118060050165e-03
-2.184413565984596184e-01
6.944378223193098387e-02
1.511148965637181540e-01
1.520930915718713416e-01
-5.742818060733105856e-01
-4.842481627733420946e-01
4.405605753221310539e-01
-2.006084266638919200e-01
-2.398866832285420983e-02
-1.148891583650004100e-01
