1.323054633604032837e+01
1.384810121782928860e+01
3.028762138272540838e+01
1.744002006228138413e+01
3.758160545315394074e+01
2.628073152210302155e+01
2.510470000578097327e+01
3.349591608661154396e+01
1.330331935471778593e+01
9.645786332484316716e+00
2.298327949652487945e+01
2.078373637086129833e+01
3.441520562319826126e+01
3.416931835933150197e-01
1.460798442257969398e+01
1.931992558186349740e+01
1.792381283360403899e+01
2.629609572677185270e+01
2.176040825603543638e+01
3.214379750802062574e+01
1.538859737562992969e+01
1.210936499125543619e+01
3.504964480825384499e+01
2.799774612957701692e+01
8.230046755707739692e+00
1.324724050518135954e+01
2.475562803787019917e+01
4.158497999274313628e+00
3.375284273141656399e+01
9.050363649330595450e+00
1.385252036143850596e+01
2.672835695005712253e+01
2.968404631651321424e+01
3.323084982380515129e+01
7.251680943290441661e+00
3.192599828947695428e+01
2.471738932329986227e+01
1.412028135392599992e+01
7.742745161599481563e+00
3.193578405502211126e+01
3.840849403024616038e+01
2.250339879213564132e+01
2.037681579073518279e+01
6.274650721319393831e+00
2.550982461384073030e+00
2.131050501971328259e+01
3.196393472726076368e+01
9.688203921500251781e+00
2.390722759225582550e+01
1.471999303649052315e+01
4.176278401832583143e+00
-8.625768323477149835e-01
2.610533327723986829e+01
3.541924788401114910e+01
1.982550237984188968e+01
1.038003637173141946e+01
2.582989600537305108e+01
2.398309346319266666e+01
2.513450125721563921e+01
1.465580425773276829e+01
7.320880680442481747e+00
4.057256857344840206e+00
2.549449915751938534e+01
2.570008369341492838e+01
2.124295266936287163e+01
1.713918867668114743e+01
9.715855434167382398e+00
3.405759278601504292e+01
3.580956057420859651e+01
2.729506222574498508e+01
1.684008584863875058e+01
2.899377531552532972e+01
2.179655405411807934e+01
2.247133735477586924e+01
2.022367818688278263e+01
4.260173224032600459e+00
3.385950321006642127e+01
1.700306275583633919e+01
7.756203281350764200e+00
1.834063077985597445e+01
3.278363323077486768e+01
1.907949890695763173e+01
2.647641143688787935e+01
3.791500899858250051e+01
1.720824927095242529e+01
3.462648223328501729e+01
7.494582425211014254e+00
5.622972824155624494e+00
1.045605521429244611e+01
2.854216084723084634e+01
2.952944539406204072e+01
3.219539408822793547e+01
3.254606538500497948e+01
3.290205874833662847e+01
1.271578341005562862e+01
2.999261002492533024e+01
1.006484946463473129e+01
2.673955392072163662e+01
2.686771601144620547e+01
1.068968434093149256e+01
1.584901976318820793e+01
-4.894450111813037907e-01
2.407176336946013961e+01
2.428980397152490767e+01
1.122191733169269945e+01
3.100980326766225037e+00
1.472357707013302175e+01
1.384704345381886625e+01
3.076326567099226139e+01
1.320952196839789927e+01
3.453223773485240855e+01
3.236470956736765459e+01
4.206786092483266515e+00
6.446331356522414069e+00
3.434722848016268149e+00
1.280382427415011648e+01
1.142148745257058451e+00
2.483119506917904928e+01
3.331906847123189408e+01
2.182769143561271719e+01
3.630906741354870348e+01
7.637785907680694208e+00
3.527357547202998944e+01
1.536640908727007648e+01
-1.252704909838600500e+00
4.290693125415399045e+00
1.377279550012000620e+01
8.987295891907216117e+00
9.726554948099140674e+00
