2.879537619572692941e-01
3.234921920739793899e-01
3.230946009817603493e-01
3.256476384089273535e-01
3.427326437968167827e-01
2.865512880281403385e-01
2.941028677352847120e-01
3.279601496888653878e-01
3.293015700970886583e-01
3.496734019403720528e-01
3.525217210148548497e-01
3.077009565821844927e-01
3.060098923072541721e-01
3.354328185242434479e-01
2.989769746270690143e-01
2.842097056255920573e-01
2.927013645630563432e-01
3.242527459357302244e-01
3.000631006092839836e-01
3.650449163676217079e-01
3.516515093645875556e-01
3.666610973855881639e-01
3.427995752980905197e-01
2.639830382176751034e-01
3.138135888270517371e-01
3.100727866201714034e-01
3.217883937384635740e-01
3.201869624755749877e-01
3.341625177350988629e-01
3.023722459480109315e-01
3.024971965090708093e-01
3.470718801670068521e-01
3.104919281661795982e-01
3.056068803094171837e-01
3.545037646414220811e-01
3.345154333576647598e-01
3.250820228888255947e-01
3.196419604192646813e-01
3.322791545161544735e-01
3.185871343184066840e-01
2.631322768507016185e-01
3.439702359759189698e-01
3.276552166823603063e-01
3.319632877919571068e-01
3.418344423655457764e-01
3.012386800489434968e-01
3.703425330152731454e-01
3.187171340615895798e-01
3.284133268049345133e-01
3.693310774424958254e-01
3.274038152871457941e-01
2.954508986382893276e-01
3.277826879889675915e-01
3.553074004224731630e-01
3.139004918868726901e-01
3.007517223203581280e-01
3.498654037504911885e-01
3.433360080751072241e-01
3.469185314269998544e-01
3.321037277628329232e-01
3.157798944550881948e-01
3.512889140991364845e-01
3.117539168988537335e-01
3.122271899968495634e-01
3.481497273127365788e-01
3.420328128915934851e-01
3.109574624315541991e-01
3.428930986347040744e-01
3.684582363108915848e-01
3.124056262046724375e-01
3.113671898682900951e-01
3.068398990653531389e-01
3.123391111936507647e-01
2.984961193825188541e-01
3.222696315685516510e-01
3.157874740371858224e-01
3.097754809951107080e-01
3.304413733197679726e-01
3.449138780331736376e-01
3.214449196792793506e-01
3.238252063882237075e-01
3.024000243647378960e-01
3.253561272739466381e-01
3.348036250664540581e-01
3.232054297352715544e-01
3.460269277485645278e-01
3.098109027692999007e-01
3.090265305247703598e-01
3.352539215174692999e-01
3.087478831323187678e-01
3.158055526808152269e-01
3.051886274394973730e-01
3.202897545960058934e-01
3.541048921282640705e-01
2.923330921223214474e-01
3.289928345160569867e-01
3.138922275802656370e-01
3.009491665331484045e-01
3.366790300947195558e-01
3.370474831831689055e-01
3.262674121929194371e-01
3.306366864775873160e-01
2.701924820294538954e-01
3.207092121691175746e-01
3.455187389023330891e-01
3.375390565541238064e-01
3.299748615113162753e-01
3.306638381848665542e-01
3.311223559097061231e-01
3.148429576805619745e-01
3.129229713399558910e-01
3.140862105207452015e-01
3.135330591438810210e-01
3.335158503171350985e-01
2.768597573340298434e-01
3.379841080865003122e-01
3.375594041292810932e-01
3.386887564717130927e-01
3.501267458832330592e-01
3.408605878614685003e-01
3.295600616888282319e-01
3.307283613905997455e-01
3.679190985562559302e-01
3.276104470727000395e-01
2.983948173671137627e-01
3.292356436542240861e-01
3.177671577274850390e-01
3.202214607906330723e-01
3.243913840380900915e-01
3.603296621668164446e-01
3.360191117533440908e-01
3.317673535814947283e-01
3.180867781485676726e-01
3.194602459446150289e-01
3.368731674396826525e-01
3.218197711419134022e-01
2.920841468292951770e-01
3.142238732258192391e-01
2.997216985767818254e-01
3.116118563255008689e-01
2.753888535165856521e-01
3.043044866838067741e-01
3.101963351860558826e-01
2.962939527959770336e-01
3.396297380772830277e-01
3.499437466789641071e-01
3.115656387344620248e-01
2.878495558431450330e-01
3.254564845442246002e-01
3.042530666118977711e-01
3.394725655993602320e-01
3.129280643306128762e-01
3.749360819754224416e-01
3.246774531808978015e-01
3.070487351191695802e-01
3.213789285337543267e-01
