3.513554076004521676e+01
3.755939028469708063e+01
2.126935825998574359e+01
3.555529144618212456e+01
3.395277215338764165e+01
1.030951981193772049e+01
2.667024219431780097e+01
2.992882757643545943e+00
6.264861404984632287e+00
3.267599183121626538e+01
2.484363047825097937e+01
9.487661852553216590e+00
2.928555805561610015e+01
3.413043254788525616e+01
2.175732427745037256e+01
3.038545530127881023e+01
3.312646493342415255e+01
1.590733680223220858e+01
1.513888972563320934e+01
3.005626324751693090e+01
2.122110837670562233e+01
8.035720175885398220e+00
1.663298399141005390e+01
2.631211780023532754e+01
8.703884189075475675e+00
3.473578716209641470e+01
2.465045581312903877e+01
4.152793796212135291e+00
1.469393821071848372e+01
3.217992296679004482e+01
3.092731567059559694e+01
3.701395639642624502e+01
1.263853905348944551e+01
3.246553049598394125e+01
1.512965836448831425e+01
1.024463683834369654e+01
2.090391662206384282e+01
2.303659261315951667e+01
2.831651144168915124e+01
2.888906021964586301e+01
8.056051448591476927e+00
2.617749743599862455e+01
2.034738843559941301e+01
2.300434916017808007e+01
3.046265040802448709e+01
2.784021574406659028e+01
1.321132643064387757e+01
1.459651557527588750e+01
2.109636910827163536e+00
3.255612854372297704e+01
3.877086292017808233e+01
3.760584095945849725e+01
2.346726985084677963e+01
1.298173184526597268e+01
4.851898888801693843e+00
2.873928399786364096e+01
7.779584725368854592e+00
3.667010226430191722e+01
2.175314918589485913e+01
3.549383106824421930e+01
2.450786735248630421e+01
3.654930838842192742e+01
1.930292875341519832e+01
1.370190042151181942e+01
1.869300997348285165e+01
1.292112585934575186e+01
3.561117917148111189e+01
1.964470119622593103e+00
8.731924125472923848e+00
3.704816621018633072e+01
2.050791163609455481e+01
2.331645986890366729e+01
9.236298734043273839e+00
1.723111895158403328e+01
3.109400909277914238e+01
1.757313921627302733e+01
3.156781996177593186e+01
3.272598298190441568e+01
3.879263438934969344e+01
3.220964782982011343e+01
1.069530650171384067e+01
3.240579318906755901e+01
2.240281113215904085e+01
1.212638187125097389e+01
3.405759765159223207e+01
1.204127175530327953e+01
3.620662938231742345e+00
2.142532635059625079e+01
2.578668302528102529e+01
2.926527639934993630e+01
4.548162337098991870e+00
1.305476238550899915e+01
2.356174143806989463e+01
3.546778475906570804e+01
1.285149447843667048e+01
1.718546853026419186e+01
3.234479123391428601e+01
3.491541138829360591e+01
3.089434838709271958e+01
2.438904052577001025e+01
2.909368002870057168e+01
3.687918259729222115e+01
3.563642248825210146e+01
2.051116127406886491e+01
9.614037173516699397e+00
3.257192170121034991e+01
3.342142043689774766e+01
1.296591300978568029e+01
8.643993627904638544e+00
2.169978539818078289e+01
3.024582300693139914e+01
2.680867926804780055e+01
3.434155499605112283e+01
3.051827469781329327e+01
2.088322938306493270e+01
1.396284602696331589e+01
3.762786498531098545e+01
1.774385224920590787e+01
1.561447833741115154e+01
3.946758505796216809e+01
1.799772796968045796e+01
3.880098625163775239e+01
1.453731011795744976e+01
2.683712274748089754e+01
3.066995546462203137e+01
3.632491580782257046e+01
2.871952949056024096e+01
1.751585598600073368e+01
1.430882074653795044e+01
1.284930534345265585e+01
5.030949042979180774e+00
5.657792064374522312e+00
3.336438543802849921e+01
3.622865659586317122e+01
1.323375275423169128e+01
2.147103550380610315e+01
1.652715906753214270e+01
1.910099662063666059e+01
3.668052151813533612e+01
1.821731533776920742e+01
5.916477364581187004e+00
9.080182757657313530e+00
