-1.125771787148892138e-02
-1.483058024819683927e-02
2.005196779737616550e-02
7.147145422366634436e-03
-5.156099320163321127e-03
-3.467477692362308517e-02
-4.343116268130074731e-02
8.419322187580746859e-04
3.691259831970620797e-01
1.661058922182974060e-03
5.709638889082384490e-03
2.149954488396190258e-02
-2.911330516735290488e-02
-3.099204690066471868e-02
7.099812602688757891e-03
7.285204347280682495e-03
4.360302394943915000e-02
7.302385572883167766e-03
-2.878276254480169934e-03
2.862070551129249768e-02
2.027742068944110021e-01
-6.601752345490354001e-02
2.285581795732639573e-02
7.727361994114972064e-03
8.129897896289889347e-02
1.946555787662759829e-02
-2.778435591073957680e-03
-7.289048427976752009e-02
-7.574124416850622210e-02
-7.484622099850071590e-03
-1.761965043211034809e-02
1.846473808137602535e-02
6.138002456672211372e-03
1.800534012986020060e-02
-9.790030942490375587e-03
3.488619363072302786e-03
-2.036872226838738753e-02
-4.725139936550021985e-02
-1.949626826180974465e-02
6.967184097485415450e-02
1.000158128519956259e-02
-1.535727342237919353e-02
-5.186287903164043395e-02
-2.875989955981424206e-02
-1.791269979757657838e-02
-2.953892838073955002e-02
4.205034656630777801e-01
7.437798446460419871e-04
-3.185993555537265653e-02
-6.284626286153525108e-03
-1.697487295864050227e-02
-1.762693077976507441e-02
-2.139534981782526268e-01
3.572956952073013531e-02
-3.060635113889702708e-03
4.866277209256850145e-02
2.156171205829082380e-02
2.597875032668525708e-02
-4.704168016783228518e-02
8.316074715311856311e-03
5.880484026921749263e-02
1.258823222915509549e-02
-1.917637806305321976e-02
-2.982736907074126989e-02
5.049684623666962635e-02
-1.004044212912504064e-02
-1.202149424029471531e-02
1.757502692000571104e-02
-2.621313776988245040e-02
3.050162238546363577e-03
-1.786783812866758747e-02
-4.915875366320960650e-03
2.474614761468728677e-02
3.615902343540028374e-02
-1.799680839370637261e-02
-2.778654825651869983e-02
-2.085453335644956580e-02
7.787567542837905282e-03
1.975004478311291264e-02
-3.971803778520097659e-03
9.927934512631089170e-01
-1.650540138233850401e-02
-4.353071216894249806e-02
3.398520700550818757e-02
1.814541414982159123e-02
-6.398940655226397108e-03
1.079996503086533798e-02
-5.752971379512303307e-02
2.130944543625332838e-02
-1.624224158774325091e-02
-1.894104159244932445e-02
-6.287534992439112180e-01
2.399208658829934254e-02
-2.819175618044255163e-02
-3.206570943151444975e-01
1.973929043765565439e-02
-1.673447704076068063e-02
2.104930117074388721e-02
4.933436682605929491e-03
-3.152628730138928859e-02
3.083332815106587174e-02
-1.747483960190777605e-02
2.529489958512954120e-02
1.578670000774877805e-02
-5.011470680027059477e-02
-4.946712990052901451e-03
-4.393937766199656342e-03
-5.816692567153154345e-03
6.339894336290399605e-03
-3.929777379790607567e-02
-2.377727008647070872e-02
-4.730951634491021088e-03
2.218052375678780707e-04
1.023379899014798845e-02
-3.869798476683285974e-03
1.647544839568240715e-02
-2.402569376793508085e-02
-1.325801245603543121e-02
5.872678214540200808e-03
8.166012371976876655e-03
1.880311374482062075e-03
7.102049596260826339e-03
-1.767438808733459016e-02
-1.546688268778609668e-02
-4.166806559356871220e-02
-3.553280036039268425e-02
-4.920947966647873026e-03
-2.699876272894016424e-02
-1.729955011307595172e-02
-2.854128886352896161e-02
2.435376439970127552e-02
-5.957976071770076237e-02
-2.596550875641924147e-02
-1.673573661743034749e-02
1.723166503719767220e-02
-7.137639385648748558e-01
6.612832019476968561e-03
-2.795342482310729688e-03
6.354479487387152022e-03
-3.217924954907630530e-02
8.562310274941636878e-02
-9.237987134965805480e-03
