nan
nan
nan
nan
nan
4.350785782911682498e-01
4.271028548660046331e-01
4.733720359938193845e-01
3.748268711595295066e-01
2.356541621207675075e-01
4.138299595118488661e-01
4.979018661490518527e-01
6.665626263504886850e-01
6.262216931177220225e-01
6.593881576316122928e-01
6.392730647486060125e-01
5.522876228862171333e-01
5.508094785120174475e-01
6.102450525456246666e-01
5.737077991509109687e-01
5.860678523170232967e-01
5.362788917266567701e-01
6.209672903467483573e-01
5.900366001646963898e-01
5.770445500971752573e-01
4.994110116223602347e-01
2.766993392447616440e-01
2.304890854751485696e-01
1.765733073832974620e-01
2.160940431998623623e-01
3.476285196041383196e-01
4.678061951528880158e-01
3.073612077497207551e-01
3.903566383672451012e-01
3.062748429596465760e-01
2.067344011821925509e-01
2.096617440798266285e-01
3.338631050747774553e-01
3.328654055437320070e-01
3.042964397214579231e-01
2.576212350657495209e-01
2.372998815784941318e-01
2.687911713174511164e-01
2.139525288335690778e-01
1.940112324259229970e-01
1.351012556396203879e-01
1.644108843313922819e-01
1.152766422619901920e-01
1.666006707938374465e-01
1.396477674564953197e-01
1.362615053877775928e-01
1.093790714428790611e-01
2.116452920296252316e-01
2.076979893948198708e-01
1.957065506911136454e-01
3.490146624088208416e-01
3.644363810573477691e-01
4.732147939920738899e-01
4.899037093823844780e-01
3.822089725653108339e-01
4.869336704187716691e-01
4.401506848274870931e-01
5.330418679184467656e-01
5.946745508905988409e-01
6.395241610909165875e-01
5.228019574136739678e-01
5.880314833960906817e-01
5.976363526217349786e-01
4.506928086711289305e-01
4.796016958500312066e-01
4.568765512759165315e-01
4.075871982527020654e-01
4.071466206454820158e-01
4.029900459267343749e-01
2.512364258541772699e-01
3.727950825860986139e-01
2.624046969710603916e-01
2.619657849051162390e-01
1.650234534923126217e-01
1.338370821520545872e-01
1.735303226074761396e-01
2.315318207818477525e-01
2.371095868139876384e-01
1.601606442333034508e-01
1.410268795423647026e-01
9.212732579863402993e-02
1.041670744964847684e-01
8.752911233600435548e-02
1.029269666879919498e-01
8.540554451644810641e-02
5.700218179460780910e-02
3.380942434806821772e-02
4.925676831973402336e-02
4.729822713372400234e-02
2.951957415691330855e-02
1.864279043082983645e-02
1.674604104838217644e-02
1.303561889529547546e-02
7.415509963769051360e-03
7.721357838468834167e-03
3.972710195057960192e-03
2.010311202737979919e-03
2.262651621596334373e-03
1.226930000753911898e-03
1.091459935111727120e-03
7.063974605956424568e-04
4.030684136466788914e-04
3.453388596300621671e-04
2.565518349909590157e-04
nan
