5.611070538116334916e+01
5.559035124249975013e+01
5.525655027849727929e+01
5.591549499477793006e+01
5.520564113193751865e+01
5.573817144584558747e+01
5.551955407261687725e+01
5.600561468705647883e+01
5.533123210683629623e+01
5.532549384386916103e+01
5.590560003284792856e+01
5.530808507577555133e+01
5.608869269212221553e+01
5.562167402950522188e+01
5.559633596803025313e+01
5.608270201368136298e+01
5.594571028494907239e+01
5.566189995192109308e+01
5.608004613874644662e+01
5.526520453372837238e+01
5.598443824605011798e+01
5.552506291904949620e+01
5.579995973881685245e+01
5.595563652604602822e+01
5.593357449526009617e+01
5.539679608441412029e+01
5.571743933989716169e+01
5.601403337668668314e+01
5.551623872575809315e+01
5.527230221408454014e+01
5.535389792007561738e+01
5.578766973054745648e+01
5.515592417334806186e+01
5.512965305013593564e+01
5.567071694430715922e+01
5.517512138591629167e+01
5.561519759478903069e+01
5.603369778052840644e+01
5.516986958114563322e+01
5.528104028319484087e+01
5.577447188889156848e+01
5.550695015870344662e+01
5.623891908227182057e+01
5.537391162364006192e+01
5.589816791606494206e+01
5.534146492264970618e+01
5.539782311911076818e+01
5.580113289323642078e+01
5.594632994761620637e+01
5.578566786017693602e+01
5.570263346262910176e+01
5.581913478116806715e+01
5.591560321487472862e+01
5.560985116112829019e+01
5.575507281534502368e+01
5.588261283356335696e+01
5.575398390139888249e+01
5.541624033914197867e+01
5.540834545252983645e+01
5.575043890596735707e+01
5.571378908954498854e+01
5.503972058260543321e+01
5.508420844608823330e+01
5.543753062155087719e+01
5.525195440359321708e+01
5.514344132347101635e+01
5.584571197717408353e+01
5.614895646983418942e+01
5.605935812513280325e+01
5.560629025800432856e+01
5.514938026113276237e+01
5.512303837996420697e+01
5.522589395456235906e+01
5.593242344761500817e+01
5.569211079493530292e+01
5.514129477561844794e+01
