nan
nan
nan
nan
nan
6.209729668156445115e-01
8.314117006783036112e-01
2.620095389485375126e-01
7.827512983075901598e-02
1.372805043319424989e-02
1.758343930570360758e-02
2.172781553199987226e-02
2.123145579207430522e-02
3.193542553294237418e-02
1.977284254416011855e-03
9.405087635343645225e-03
9.221739868582767841e-03
1.660912439308404043e-02
1.785838510990223060e-02
2.533968981539103105e-02
3.073119555009273807e-02
3.862248487258568286e-02
3.272630366746731578e-02
5.600514717890281435e-02
6.067298454578329281e-02
9.489604818014241161e-02
1.073833832983368541e-01
1.192139669303118321e-01
1.332858950513876595e-01
1.365937101484751004e-01
1.742934698085196743e-01
1.902404280456352348e-01
1.973966867957585025e-01
1.904864562425606644e-01
1.927691451303705783e-01
1.451407429330282550e-01
1.752365608048933598e-01
2.117523015857919466e-01
2.332715312227616744e-01
2.443042802399617575e-01
2.807114501856068367e-01
3.087291773239545511e-01
3.111744045139924753e-01
2.953633255849363870e-01
3.248326111404336025e-01
4.103471929480655422e-01
3.717649852441502478e-01
4.008252628655015748e-01
3.980418365940049386e-01
4.419673304082751830e-01
4.465788628032010266e-01
4.609796854884297135e-01
4.775566217439106698e-01
4.947096506003559879e-01
5.163065031481488543e-01
5.288409858281689635e-01
4.788846307236774846e-01
5.433238133503026646e-01
5.505218926572685856e-01
5.023380389052796158e-01
4.651063593747885028e-01
5.706930526673201776e-01
4.619382985511064632e-01
3.773517907424038809e-01
3.690596700967365695e-01
2.395575336787141296e-01
2.119120160952209231e-01
1.653696417279717501e-01
1.251288143575421952e-01
1.272366893788382525e-01
2.495149256770728963e-01
1.567517878234595541e-01
1.601778387689595240e-01
1.347127116053026263e-01
1.882363405881138929e-01
1.380929952267346827e-01
2.120378403850253779e-01
2.142997338653649386e-01
1.416728062394337906e-01
1.875479684656341517e-01
2.097156205287182829e-01
2.407749260345840581e-01
2.620129561438730992e-01
2.504224643228412095e-01
2.245196398799362836e-01
4.638137133489095287e-01
3.303765438645220875e-01
4.190264247821831045e-01
4.406461791592016786e-01
5.002796772297342098e-01
2.155184455089851348e-01
8.107727131227138173e-02
1.228425973780478131e-03
5.357323122245905012e-05
1.078470708998358063e-04
1.218535257485608980e-05
6.553158016231463989e-11
nan
