5.000000000000000278e-02
4.333333333333333481e-01
6.333333333333333037e-01
1.033333333333333437e+00
1.350000000000000089e+00
1.716666666666666563e+00
2.316666666666666874e+00
2.616666666666666696e+00
3.016666666666666607e+00
3.316666666666666874e+00
3.716666666666666785e+00
4.083333333333333037e+00
4.549999999999999822e+00
4.966666666666666785e+00
5.349999999999999645e+00
5.599999999999999645e+00
5.783333333333333215e+00
6.216666666666666785e+00
6.666666666666666963e+00
6.833333333333333037e+00
7.033333333333333215e+00
7.416666666666666963e+00
7.799999999999999822e+00
8.116666666666667140e+00
8.483333333333332504e+00
8.766666666666667496e+00
9.083333333333333925e+00
9.300000000000000711e+00
9.466666666666666785e+00
9.849999999999999645e+00
1.026666666666666750e+01
1.071666666666666679e+01
1.103333333333333321e+01
1.141666666666666607e+01
1.176666666666666750e+01
1.208333333333333393e+01
1.228333333333333321e+01
1.266666666666666607e+01
1.298333333333333250e+01
1.313333333333333286e+01
1.334999999999999964e+01
1.359999999999999964e+01
1.401666666666666750e+01
1.421666666666666679e+01
1.444999999999999929e+01
1.488333333333333286e+01
1.521666666666666679e+01
1.551666666666666750e+01
1.586666666666666714e+01
1.618333333333333357e+01
1.653333333333333499e+01
1.681666666666666643e+01
1.701666666666666572e+01
1.744999999999999929e+01
1.775000000000000000e+01
1.811666666666666714e+01
1.833333333333333215e+01
1.858333333333333215e+01
1.896666666666666501e+01
1.933333333333333215e+01
1.956666666666666643e+01
1.988333333333333286e+01
2.018333333333333357e+01
2.039999999999999858e+01
2.068333333333333357e+01
2.089999999999999858e+01
2.106666666666666643e+01
2.138333333333333286e+01
2.164999999999999858e+01
2.200000000000000000e+01
2.236666666666666714e+01
2.256666666666666643e+01
2.303333333333333499e+01
2.341666666666666785e+01
2.366666666666666785e+01
2.394999999999999929e+01
2.430000000000000071e+01
2.460000000000000142e+01
2.496666666666666501e+01
2.528333333333333499e+01
2.555000000000000071e+01
2.581666666666666643e+01
2.613333333333333286e+01
2.664999999999999858e+01
2.693333333333333357e+01
2.716666666666666785e+01
2.743333333333333357e+01
2.778333333333333499e+01
2.813333333333333286e+01
2.843333333333333357e+01
2.875000000000000000e+01
2.896666666666666501e+01
2.923333333333333428e+01
2.956666666666666643e+01
2.971666666666666501e+01
3.000000000000000000e+01
3.025000000000000000e+01
3.048333333333333428e+01
3.064999999999999858e+01
3.101666666666666572e+01
3.133333333333333215e+01
3.166666666666666785e+01
3.194999999999999929e+01
3.231666666666666998e+01
3.258333333333333570e+01
3.295000000000000284e+01
3.331666666666666998e+01
3.375000000000000000e+01
3.393333333333333002e+01
3.420000000000000284e+01
