-1.192198852543421950e+01
-1.529051360335012433e+00
-7.526252642442276652e+00
-5.698468842607478990e+00
-2.337526516451321257e+01
-1.156504639748342100e+01
-2.683360587798947705e+00
-1.450096324508500345e+00
-4.553290335163019620e+00
-2.104055861559155360e+01
-6.182214435698391242e+00
-1.135938020663412473e+01
-9.887866551002833404e+00
-8.477512592967180183e+00
-5.088488278765479933e+00
-1.815452492275053231e+01
-7.438036469477006918e+00
-2.743486271738762028e+00
-2.116811457938190699e+00
-1.360341595883834742e+00
-1.821032218862120189e+00
-9.826653262399361211e+00
-2.573601479870296416e+00
-2.990500208294474049e+00
-2.073092657759010748e+00
-7.693740318868904637e+00
-7.835187788758869232e+00
-1.281717031595662704e+01
-1.168633556060694190e+01
-2.826972716066713076e+00
-1.552123558113727597e+00
-9.336409852421382993e+00
-6.682164186180713727e+00
-2.278039157612584020e+00
-1.939148290210333059e+01
-1.598667197046259147e+00
-1.896932177035061784e+00
-3.850374697496635079e+00
-1.962800781297131536e+00
-1.306891098106818916e+00
-2.918428189032072240e+00
-8.130477330915109491e+00
-3.080213970083779174e+00
-1.253838150040028410e+00
-3.460147573016479683e+00
-2.979003670312209806e+00
-2.760314674723090889e+00
-1.264964013053003100e+00
-8.220928384553236157e+00
-8.076789941206477863e+00
-9.428434183602245611e+00
-3.127978213456897194e+00
-2.828872914102003477e+00
-1.435407633345829126e+01
-6.978881211407593099e+00
-3.378934624566243272e+00
-1.681504250711776294e+01
-1.882089792927585492e+01
-1.695331406824827525e+00
-1.721217091023728329e+00
-1.368869449532208193e+01
-1.411564870838754615e+01
-3.558869385423447440e+00
-1.519464940528561314e+01
-1.446868827081242870e+00
-3.917319103787319179e+00
-4.282226841508041559e+00
-6.611572434676197929e+00
-1.746651757159471074e+00
-9.117652131551093220e+00
-2.750294507747904404e+00
-6.777006820748043836e+00
-1.034484741750772230e+01
-1.409845546177044895e+01
-1.423422922546254910e+00
-9.439065714884446123e+00
-2.077711147796748037e+00
-5.902649129341071443e+00
-8.190660497655809280e+00
-1.541451019601240091e+00
-1.308703746392185607e+01
-2.205010252830644291e+01
-7.601317872862686897e+00
-3.555671486104648338e+00
-1.279391303927521406e+01
-1.324693567161476793e+01
-1.492911288176960127e+01
-1.808848094278850382e+01
-1.617096196427934629e+01
-5.228755351748199942e+00
-1.148804816200845380e+01
-1.370114510684928177e+00
-3.100234365204387998e+00
-1.099389501334755437e+01
-7.597578777783336790e+00
-2.443958138541878711e+00
-2.665744982083616321e+00
-1.440954683913748369e+00
-1.565932778407120196e+00
-2.168333770387014781e+01
-1.810045848381860978e+01
-1.315817133805094130e+00
-1.279530370674017092e+00
-1.209730264112464226e+01
-1.150154623589870084e+01
-2.128392887221217222e+00
-1.002439782667186918e+00
-2.924168099013931155e+00
-1.458945687863421270e+00
-2.085218930316240460e+01
