1.079437780437498384e+00
1.003866963115265798e-01
-2.243660820229410879e-01
2.271907535008131085e-01
2.113040755918291214e-02
2.607876297427964146e-02
1.812220692866691185e-01
-1.453379113855777505e-01
-5.162236477956184955e-02
1.064106684424638155e-01
-2.244699078545409066e-02
5.514856608282378003e-01
6.792573560722303672e-02
-6.410472903805385092e-02
-2.119961574392493775e-01
1.200120008815019944e-03
-5.345347726944112143e-02
-7.201110135207045015e-02
1.019205121136582126e-01
-2.129769645966587133e-01
6.681634757258279878e-02
3.312989409085412285e-01
1.929191485152560448e-01
3.015533877136476748e-02
-6.987735243434713139e-02
1.309005865694183424e+00
-1.362232844609684301e-01
6.029262763284407023e-02
-6.758546516726482434e-02
-4.090573829064397121e-03
-2.196151913300838088e-01
-2.971503274586109189e-01
2.942974464967136258e-02
-7.785052351073317974e-04
1.295742984347259541e-01
7.470502443496457312e-02
2.632222414392782484e-01
-5.961445457267416231e-02
-5.436381802973869193e-02
2.010298710040710479e-01
2.654957507795415936e-02
-2.582611772720702081e-01
-2.133116394388343828e-01
2.793154095277970012e-02
2.350210158761086715e-02
3.909238375383241593e-01
2.735449111529902541e-02
-6.356637545331551842e-02
-5.824905967468680529e-02
1.780747478105695197e-02
1.027282942070655708e-02
-6.189738803028717318e-02
2.369344415491218547e-01
-3.619882471470259322e-01
7.348588617849611815e-01
2.738072442407968668e-02
-6.426677884473860902e-02
-2.753984390292782969e-01
1.942615129370324316e-03
-1.788516855417049134e-01
-2.367960729432874722e-01
1.475898867688442764e-02
-9.618416333282084341e-02
1.997240040100700664e-01
7.808431529583004238e-02
8.669571010516961482e-03
-1.058689354883657063e-01
-7.080318414298120144e-02
6.582331039846849030e-02
2.765624627372003097e-01
1.756546038600617990e-02
-6.992305212806613213e-01
8.764074864019448519e-02
7.085385185641712713e-02
-7.906472834719352472e-02
1.130139166307316152e-02
7.540350586345141194e-03
-5.155220200781514273e-02
-7.779812206241330796e-02
-2.242749614461570229e-01
2.869858324379242487e-01
-8.211560427355402147e-01
-1.492157473315080529e-01
2.687013977087872318e-02
-7.541317583407476655e-02
-1.019267104126284851e+00
-5.800334012174232501e-02
3.103983806013275049e-03
-5.935099039310159919e-02
-2.252942826148836286e-01
1.066737806396045596e-01
2.349873933344054089e-01
-1.418635572906896403e-01
4.217008084027543124e-01
1.077585015798376757e-03
9.484391396261457330e-02
-6.823818410205774454e-02
1.114810505247709194e-01
