1.666666666666666574e-01
7.333333333333332815e-01
1.166666666666666741e+00
1.750000000000000000e+00
2.216666666666666785e+00
3.366666666666666696e+00
3.783333333333333215e+00
3.983333333333333393e+00
4.266666666666666607e+00
4.549999999999999822e+00
5.349999999999999645e+00
5.900000000000000355e+00
6.216666666666666785e+00
6.450000000000000178e+00
6.733333333333333393e+00
7.283333333333333215e+00
8.416666666666666075e+00
9.000000000000000000e+00
9.199999999999999289e+00
9.866666666666667140e+00
1.050000000000000000e+01
1.090000000000000036e+01
1.128333333333333321e+01
1.165000000000000036e+01
1.248333333333333250e+01
1.288333333333333286e+01
1.336666666666666714e+01
1.365000000000000036e+01
1.421666666666666679e+01
1.516666666666666607e+01
1.561666666666666714e+01
1.591666666666666607e+01
1.638333333333333286e+01
1.681666666666666643e+01
1.764999999999999858e+01
1.908333333333333215e+01
1.930000000000000071e+01
1.996666666666666501e+01
2.043333333333333357e+01
2.116666666666666785e+01
2.144999999999999929e+01
2.214999999999999858e+01
2.280000000000000071e+01
2.316666666666666785e+01
2.346666666666666501e+01
2.373333333333333428e+01
2.410000000000000142e+01
2.460000000000000142e+01
2.493333333333333357e+01
2.526666666666666572e+01
2.553333333333333499e+01
2.580000000000000071e+01
2.700000000000000000e+01
2.739999999999999858e+01
2.780000000000000071e+01
2.814999999999999858e+01
2.876666666666666572e+01
2.900000000000000000e+01
3.018333333333333357e+01
3.046666666666666501e+01
3.089999999999999858e+01
3.163333333333333286e+01
3.231666666666666998e+01
3.316666666666666430e+01
