nan
nan
nan
nan
nan
2.403000000000000136e-01
2.217333333333333378e-01
6.887999999999999678e-01
6.467000000000000526e-01
5.702777777777777724e-01
4.913000000000000145e-01
4.225636363636363635e-01
3.690333333333333243e-01
3.358615384615384891e-01
3.166428571428571703e-01
3.557000000000000162e-01
3.929000000000000270e-01
4.181882352941176384e-01
4.385999999999999899e-01
4.652157894736841937e-01
4.446999999999999842e-01
3.821285714285714286e-01
3.861090909090909018e-01
3.863956521739130290e-01
3.891999999999999904e-01
3.922999999999999821e-01
3.695461538461538575e-01
3.596666666666666901e-01
3.548714285714285599e-01
3.458551724137930994e-01
3.380000000000000226e-01
3.333999999999999742e-01
3.249500000000000166e-01
3.361939393939393783e-01
3.775647058823529689e-01
4.273142857142857021e-01
4.147111111111110859e-01
4.076378378378378575e-01
3.972894736842105257e-01
3.774717948717948857e-01
3.784000000000000141e-01
3.519975609756097468e-01
3.544952380952380855e-01
3.444302325581395374e-01
3.233454545454545470e-01
3.359888888888888925e-01
3.219130434782608852e-01
3.229744680851063809e-01
3.131333333333333191e-01
3.113530612244898022e-01
3.012000000000000233e-01
2.855431372549019353e-01
2.872538461538461374e-01
2.631056603773584968e-01
2.679740740740740867e-01
2.573363636363636409e-01
2.382714285714285785e-01
2.407596491228070068e-01
2.364827586206896537e-01
2.230237288135593354e-01
2.130666666666666542e-01
2.158967213114754147e-01
1.943000000000000005e-01
2.037634920634920632e-01
1.966749999999999887e-01
1.927230769230769136e-01
1.856969696969696937e-01
1.735865671641791119e-01
1.679823529411764715e-01
1.556753623188405766e-01
1.649571428571428577e-01
1.590197183098591427e-01
1.594222222222222152e-01
1.593643835616438409e-01
1.617648648648648546e-01
1.753333333333333410e-01
1.841789473684210532e-01
1.818493506493506495e-01
1.910743589743589821e-01
1.846886075949367156e-01
1.854000000000000092e-01
1.940530864197530792e-01
1.999292682926829268e-01
1.988903614457831204e-01
2.120619047619047570e-01
2.133647058823529286e-01
2.148046511627907107e-01
2.141873563218390786e-01
2.230181818181818099e-01
2.185022471910112452e-01
2.291444444444444561e-01
2.354494505494505452e-01
2.380217391304347840e-01
2.332655913978494699e-01
2.306851063829787329e-01
2.431842105263157805e-01
2.343666666666666676e-01
2.247360824742268004e-01
2.157959183673469339e-01
2.285494949494949468e-01
2.255999999999999950e-01
2.186504950495049560e-01
2.303039215686274455e-01
2.310631067961164964e-01
2.353307692307692323e-01
2.428095238095238084e-01
2.371018867924528373e-01
2.451102803738317848e-01
2.526370370370370488e-01
2.522844036697247661e-01
2.569545454545454355e-01
2.498495495495495489e-01
2.495714285714285829e-01
2.497221238938052978e-01
2.431035087719298216e-01
2.206173913043478207e-01
2.250655172413792982e-01
2.184495726495726542e-01
2.212711864406779749e-01
2.333319327731092352e-01
2.284333333333333216e-01
2.177768595041322253e-01
2.327639344262295018e-01
2.163959349593495840e-01
2.235741935483870901e-01
2.184000000000000108e-01
2.333746031746031790e-01
2.138992125984252035e-01
1.960749999999999993e-01
1.816031007751937876e-01
1.770846153846153959e-01
1.641206106870229109e-01
1.647393939393939355e-01
2.044060150375939799e-01
4.923238805970149290e-01
nan
