nan
nan
nan
nan
nan
4.906713611490109983e-01
6.096496195895481085e-01
7.354781569166775057e-01
7.984227928715589284e-01
8.585927764186098710e-01
3.619601425121439231e-01
4.385694906684705074e-01
3.760642974873249500e-01
1.582025254329677555e-01
3.415248116709346249e-04
1.057640656061842321e-03
4.388584104840775879e-04
2.461409827060334621e-04
7.485210297166755566e-04
9.465252819162994768e-05
2.258764346487751595e-04
8.416515052822592935e-05
1.764020860173243221e-04
1.929979528779712794e-04
3.594645764095627527e-04
7.688633196819560922e-04
1.077149989063941327e-03
1.114959175129826008e-03
2.080702139560464126e-03
2.662998115764869667e-03
3.439408641620178564e-03
4.519880651049690279e-03
6.123076220709178230e-03
5.585014518222575219e-03
1.087857812127024371e-02
1.401385947742850302e-02
1.574977155070200752e-02
2.211077814450224110e-02
2.525554164411492053e-02
2.309202605124915930e-02
3.956005893282799057e-02
4.342832390128426034e-02
5.377581595777358725e-02
5.335848038409019001e-02
4.514440259306706782e-02
4.013242679698891813e-02
4.940986298044069969e-02
3.991698128155563019e-02
6.355226161035421040e-02
8.474758011027616611e-02
8.792911219150800761e-02
5.472603213298254943e-02
3.741340784206748094e-02
1.271534714653905773e-01
9.964000191581079413e-02
1.022921340803927270e-01
1.019572442207704599e-01
6.570324716923248154e-02
6.011933988976658760e-02
1.865567575963356095e-02
3.580515397806993683e-02
5.957487700488561799e-02
9.015308795195997593e-02
1.102301412767244804e-01
1.548696407072790437e-01
1.499023639736987157e-01
1.398241162124502779e-01
1.609186018600640145e-01
1.775326926821417794e-01
2.016451262936314048e-01
2.053681738462458384e-01
1.934501581332515041e-01
2.109607421036833186e-01
2.089511748635750621e-01
2.158417633165609084e-01
2.343595177841762967e-01
2.726103276446875112e-01
1.850970441915125164e-01
2.005865064070513348e-01
1.737676432494597023e-01
1.014777345580937240e-01
7.547899818853642806e-02
7.366950801151594952e-02
4.118522144130698504e-02
3.218298138092345884e-02
1.543319092180228669e-02
7.575103687531337116e-03
5.517166591327615777e-03
3.864012181344467223e-03
4.514832868156015699e-03
9.067640217158556837e-04
9.409446062340620642e-04
6.807681703855372746e-04
2.877690796786458449e-04
1.761566862131802580e-04
7.407069029441437635e-05
3.095043008860542955e-05
1.691327586361701663e-05
2.088482511719558232e-05
6.933807854769824530e-06
8.797293380435888821e-06
5.520554295812551970e-06
2.009988316231670069e-06
1.558512190191763125e-06
1.261034975663655189e-06
1.471759483506751565e-06
9.204541923102382839e-07
2.506739943397562342e-07
1.241569945742426739e-07
1.848140278593035646e-07
3.619384131292591178e-07
7.085122377681329908e-08
3.494201616938141797e-08
2.805974441688618981e-08
4.565355304908536027e-08
2.614717975468749955e-08
2.583914238130091690e-08
1.047620235006263556e-08
9.084968111139346547e-09
4.683262666560494836e-09
1.806075289323416655e-09
3.429014849842815238e-09
7.348983199761960350e-09
1.868025067963685615e-09
1.004113792113514592e-09
3.997443487335772261e-10
2.413496846820351038e-09
1.685694916986335556e-10
1.419845685468601459e-09
4.483527993315306048e-10
2.156338441139382667e-09
1.076261302301873002e-09
4.918362384032093360e-10
1.407393868113615554e-09
1.711503383461376870e-09
4.809813547446140092e-09
1.208856126311275148e-09
4.023711197564949771e-08
7.488008901823661745e-08
2.319790859406367645e-08
1.756129575092302275e-08
3.748680699189321786e-08
nan
