5.636563358791186573e+01
5.610508113021429466e+01
5.588142820425992596e+01
5.666482810322143138e+01
5.516887499475933510e+01
5.549458244649497374e+01
5.558286226402113783e+01
5.605024764171422191e+01
5.566277696605020253e+01
5.544952828087232888e+01
5.574818929309417825e+01
5.514753083851757509e+01
5.622363664657274285e+01
5.584384455208110865e+01
5.517792010360228261e+01
5.580224657359720197e+01
5.596563194442811096e+01
5.633362312493935775e+01
5.556171435494989908e+01
5.539949890524940912e+01
5.596319572817103705e+01
5.515452736315408089e+01
5.577585255090338023e+01
5.535185711335594760e+01
5.555703319182849498e+01
5.518955010537261074e+01
5.521019785825089343e+01
5.544597111454181260e+01
5.578944204136513463e+01
5.588610708590800868e+01
5.561981516445445095e+01
5.551778174221293938e+01
5.636444404227994198e+01
5.517959735507850638e+01
5.603173261415935968e+01
5.543190886817159679e+01
5.510451385176856576e+01
5.583047998615281671e+01
5.516454327545486080e+01
5.531462757768737504e+01
5.558408325272336725e+01
5.542814727463556324e+01
5.558132503367309596e+01
5.570911916112209639e+01
5.536636530838892867e+01
5.504845285362335261e+01
5.601773647058043792e+01
5.567854936420908274e+01
5.553768017915265887e+01
5.585893692348394524e+01
5.612706929824469881e+01
5.516844287142525616e+01
5.514380418302091158e+01
5.515466196811708244e+01
5.501884537781243267e+01
5.540538582481656249e+01
5.595904212328886729e+01
5.519995081975316253e+01
5.596642190447659004e+01
5.621748227962542899e+01
5.505225287123767686e+01
5.527092595271967923e+01
5.567316242183203912e+01
5.636213312575095102e+01
5.639289061529940739e+01
5.625609435376974687e+01
5.582391991450427327e+01
5.527745106107780515e+01
5.579023881550282482e+01
5.551522713498015804e+01
5.593471626550027054e+01
5.607830900268614727e+01
5.500027663616278062e+01
5.514173206600997901e+01
5.526178274807006119e+01
5.649778461071679203e+01
5.518096315851277467e+01
5.540515238719135738e+01
5.509963298581217117e+01
5.553896243008590261e+01
5.629459545946480148e+01
5.579523629933120077e+01
5.539376192093062912e+01
5.611480610577450534e+01
5.515656896929848330e+01
5.618752563821198009e+01
5.563847685465521664e+01
5.616767668184125029e+01
5.529247502096127675e+01
5.610682008540232601e+01
5.569108256107411847e+01
5.528086456938959969e+01
5.573188285216100724e+01
5.631483225116298286e+01
5.549509490724450700e+01
5.545846375161555386e+01
5.638190506280970737e+01
5.557250631750395087e+01
5.584449188552447652e+01
5.579112028902680009e+01
5.512720634397410180e+01
5.639021197263296870e+01
5.532938322358944561e+01
5.622901707206869304e+01
5.589643855914022907e+01
5.547800198163906771e+01
5.573593276199989077e+01
5.623277739158798028e+01
5.530989545910298233e+01
5.661105333087667901e+01
5.558779223560554783e+01
5.586156222730524945e+01
5.630478067802246045e+01
5.607540511790649873e+01
5.554487769626235405e+01
5.616498821757384263e+01
5.573511843766784324e+01
5.538733503842973249e+01
5.596919466138471222e+01
5.602139400527642721e+01
5.580450116618899159e+01
5.542099228196028093e+01
5.551809067034066913e+01
5.535800515899391883e+01
5.529354337112985007e+01
5.605823994822831935e+01
5.500054145247239745e+01
5.636653350553066133e+01
5.602653314078720825e+01
5.589072969344562125e+01
5.551310252132690692e+01
5.504921082247369668e+01
5.553474331721655233e+01
5.618217499974544182e+01
5.504857695628393088e+01
5.570653645762558881e+01
5.551730316547836708e+01
5.553943087998740680e+01
5.624417630507053900e+01
5.591433348030731310e+01
5.591258363066617676e+01
5.512813057056682453e+01
5.555929634940760309e+01
5.631548405523327716e+01
5.515680578753671170e+01
5.527458952516509072e+01
5.608845125493878925e+01
5.525805505554694719e+01
5.617663388504173128e+01
