nan
nan
nan
nan
nan
6.516935329281492439e-02
3.464879639524045540e-01
6.182374400798018588e-02
1.504168290645920836e-01
7.430560143291320419e-02
1.248420245298947906e-01
2.046240134450596493e-01
2.796018795485851749e-01
4.257919932413076758e-01
4.495339658749367695e-01
4.701942680023663002e-01
6.111927189080628153e-01
5.895126481207786373e-01
5.895788327985569399e-01
6.101980190685940553e-01
6.466768535360341019e-01
7.271505490773340075e-01
6.251225373165514299e-01
7.017609036133369838e-01
7.381121525725937715e-01
7.235978241966216640e-01
2.916174532332505009e-04
1.594006804916947573e-05
6.092931454704242356e-06
4.243747305787692881e-06
1.829201229597288147e-06
1.368436441939735460e-08
1.172289121331715478e-08
5.678217340765456811e-09
4.298247979761526949e-09
1.200704269344043951e-08
2.847020141860667763e-08
2.229449402868510788e-09
1.003049976411318767e-09
3.929971903460227622e-10
4.047057133860221256e-10
5.527787116932358913e-10
3.475932874863474353e-10
8.732411460599109887e-10
9.132846701120911348e-10
8.983985777533121109e-10
2.350304173504014216e-09
2.159511569566063827e-09
4.505224859840950558e-09
1.455477516287828621e-09
2.515443187078858500e-09
7.023660653082686167e-09
9.621449303942597453e-09
1.182260933596523955e-08
1.927119275269006948e-08
1.917258263262056062e-08
6.412416564405276631e-08
7.171709193176667441e-08
6.010764774799781662e-08
1.319192078907960308e-07
1.811225367465141289e-07
2.206347983202405771e-07
2.377831761490867279e-07
2.933004793481686079e-07
4.343910406934270441e-07
3.926211955551650590e-07
4.850414455637164224e-07
6.702138733993834308e-07
6.683413228403267681e-07
9.474411843957142310e-07
1.486347147139355229e-06
1.378705930088486298e-06
1.186824387211515841e-06
4.901999753892383183e-07
9.416003532436434398e-09
nan
