-3.187948004231259264e-02
2.068905860488485030e-02
-6.975679529836043349e-03
6.700605044905501295e-03
7.031844243676914352e-03
5.827618733331405704e-03
5.592299928632087254e-03
-8.462207413601844849e-03
-7.502201373798697732e-03
-7.650047584064623152e-03
6.843682949834146469e-03
1.940576870601546516e-02
6.308270922313567904e-03
5.224569943381425149e-03
5.341416376042502565e-03
-7.249040663749610827e-03
5.552143799204145407e-03
1.732817578074616338e-02
-7.366378762735621005e-03
-6.913680578714434186e-03
-5.329750708331744240e-03
4.833587696386984836e-03
-5.649097318076314912e-03
1.709013494215525994e-02
1.907826085877331948e-02
1.787506296273988840e-02
-8.345490818154530782e-03
6.072097677577516922e-03
-7.379829449729982498e-03
5.415537916528023396e-03
-7.554681232177813156e-03
-7.976077264612514012e-03
-9.253905365862352336e-03
5.705797102876318007e-03
3.257100339548344575e-02
-2.071689669253544419e-02
-2.161669163988222050e-02
-7.175905520583114594e-03
-8.148463424434452748e-03
-8.253831193666200799e-03
-1.037701984841476154e-02
-6.632692948877547644e-03
-5.944159943780391586e-03
-1.805009926908439713e-02
-1.912815553333984883e-02
-7.580239399940183302e-03
8.212101254501362121e-03
5.999132594964749245e-03
6.180717151374892290e-03
-1.888951516202553096e-02
5.681655143665693790e-03
5.488812052515754797e-03
-7.229568543970117667e-03
-6.376565905025302627e-02
-5.706256313108610916e-03
-1.851186461716849974e-02
-6.559482566710812118e-03
6.992005998906734160e-03
2.152201688804325497e-02
4.768148223681862446e-02
2.016579382291581665e-02
-7.921232925215236295e-03
-7.763141365233536435e-03
2.107228291065553136e-02
1.915728609664427151e-02
-1.895063237544377527e-02
-7.235065647004148767e-03
-7.870049590139274742e-03
-6.996596126062968116e-03
6.027214119162635844e-03
5.030203512981188362e-03
5.510816197192411683e-03
5.638240537677461674e-03
-6.497783821006350609e-03
5.941467303965168763e-03
-3.566175694789990025e-02
6.447784453940243708e-03
6.323821433596776842e-03
-1.328733868054939732e-02
-7.200285346050918668e-03
-6.753618771267610836e-03
1.758663450987342156e-02
-3.393141237302586127e-02
-6.201743931521263783e-03
-7.529931731318697564e-03
-6.275010382869368290e-03
-2.230947791839412234e-02
5.634671206967709414e-03
-8.536199654000710749e-03
3.965636065656781041e-03
-7.295224162629097148e-03
5.456173625306064666e-03
-8.087691130211851001e-03
-7.176313442029140857e-03
-8.875539099238381399e-03
-8.353184930234647601e-03
1.730713222825272513e-02
-1.816302332889904378e-02
5.755037676335064516e-03
-6.257838263028930176e-03
5.981523953309419994e-03
-7.759567718842959316e-03
-2.433903219061562748e-02
5.958595392531264995e-03
2.060827264219142196e-02
6.631047588182923530e-03
-7.653867968755321584e-03
-7.069517899021775416e-03
1.428456799069692876e-02
-7.412223124635488464e-03
-7.405643244871953391e-03
-8.201773206292841192e-03
-7.635819364792837717e-03
5.960448565764409415e-03
8.348953290467307428e-03
-7.877684183088149925e-03
-7.942866895709811692e-03
-2.549015995366573847e-02
5.719612197532342266e-04
-5.525822522083103858e-03
6.093661937399019735e-03
-7.978395114479326297e-03
-7.039863991739708088e-03
-1.816410687733195986e-02
5.356227766857841847e-03
6.048226117781610282e-03
-5.843122192335954528e-03
5.470149213874151567e-03
6.008453925373373819e-03
-5.738980842234581853e-03
-2.095906992220818513e-02
-1.977362633646293985e-02
-7.083430382956521464e-03
5.956274275064288304e-03
-8.606639576485690044e-03
-7.150017889127297660e-03
-2.024267733601789118e-02
-6.159221417914295497e-03
1.676592995977102887e-02
5.636063922872835627e-03
4.976807915712697268e-03
-8.089976489361560413e-03
-9.052670746272042934e-03
5.558318511193646901e-03
-1.013418737073038672e-02
-6.265288120284821967e-03
-7.094342267592992045e-03
-1.902149793215528531e-02
-1.872123257673024427e-02
5.255561634645005559e-03
6.225366929759275185e-03
-6.969685297910928334e-03
-1.947227037015920870e-02
5.860696922537158952e-03
-6.896438906819639739e-03
2.956942129149638110e-02
