8.796770671178683054e-01
8.465823494118671633e-01
6.362542943083075997e-01
8.213225612234100748e-01
7.661084414728270842e-01
8.140892530824430651e-01
8.188199098232167294e-01
8.345816772636408531e-01
7.978135289036026867e-01
8.574289346070032014e-01
8.695045446765152786e-01
8.197125285358833890e-01
8.049155718454312769e-01
8.129629703094723991e-01
8.078154946540530013e-01
7.257598996375099754e-01
8.936024485970961440e-01
8.876868906780714941e-01
7.655476958293752077e-01
8.571796876013286770e-01
8.356798853349118872e-01
8.624375563650642507e-01
8.538405426981466873e-01
8.050662867198252748e-01
8.752209375695884086e-01
8.254144924989919030e-01
8.700777863250960253e-01
8.208397973612931997e-01
7.870499566177159290e-01
8.619416016418631754e-01
8.630856317277835199e-01
8.472727963333909207e-01
8.871781085647671983e-01
9.200964938650486591e-01
8.633290328548333115e-01
8.610412298665096609e-01
8.467309301859381465e-01
8.544879486167110683e-01
8.390006988085587647e-01
7.398759779706961526e-01
7.622973019495907776e-01
8.459476992617738222e-01
8.583460903060449176e-01
8.670430621255468262e-01
9.080943471349337548e-01
8.099577147251239007e-01
7.743205361096578976e-01
8.379467111560165993e-01
7.707447598879002548e-01
8.475593824189558978e-01
5.455917213481530359e-01
8.667751174506497236e-01
8.858104090590063207e-01
8.683913831909216841e-01
8.723903275754605335e-01
9.077938464546400077e-01
8.947655275205442793e-01
7.265651920318078050e-01
8.005324259577696333e-01
8.533214054666473647e-01
8.305436035223032754e-01
7.875581628124496136e-01
8.499021406599877038e-01
8.515659678965971091e-01
9.026475472118477006e-01
6.955645904077596420e-01
8.058750212217978826e-01
1.077783648929357740e+00
7.187620804084963178e-01
8.790786943793637009e-01
8.782364913852598320e-01
9.215456446885695874e-01
7.924267091424098686e-01
8.870868441421930761e-01
7.649934363619468325e-01
8.695307964357061881e-01
8.420175267193098501e-01
8.562105350710453866e-01
8.990255476305492044e-01
8.966986580451202782e-01
8.907025111175608245e-01
8.349977422967367335e-01
8.834400567380339409e-01
6.448688737889733957e-01
7.329104575421956369e-01
8.646803683793996553e-01
8.618905957902256443e-01
8.278327653710607636e-01
8.086428051534426675e-01
8.162606936595693252e-01
7.272706984259593721e-01
8.944002055500732684e-01
8.760502332169903816e-01
7.695082672102284693e-01
8.721677365998743436e-01
8.126301944974284597e-01
9.477091818745225771e-01
8.804898466750887831e-01
7.654594883343520673e-01
8.816893697195632429e-01
8.745960855342719276e-01
8.708435172532972279e-01
8.308849035751336709e-01
8.501271065150626249e-01
8.434374891086418025e-01
7.731686996634880016e-01
8.471711757000685017e-01
8.810416595470837997e-01
8.651542322793488449e-01
8.374543303056088961e-01
8.423495163335701363e-01
7.281046520114250464e-01
7.112682982719570335e-01
8.377252408561162156e-01
8.237919308284995523e-01
7.661343290121567229e-01
7.777879708949648752e-01
8.039751011843964124e-01
8.429411387858840587e-01
8.586422266390559832e-01
3.585084848281758219e-01
7.485430067395714149e-01
8.612677858962228816e-01
8.629805822813523264e-01
7.509071411979720834e-01
8.400240629532345071e-01
8.424846489890296386e-01
8.198448539532818824e-01
9.171517758326171998e-01
8.726873806294588309e-01
9.352336095184432541e-01
8.175003419765743962e-01
8.511479473398481099e-01
8.777570220436701209e-01
