2.833333333333333259e-01
5.833333333333333703e-01
1.350000000000000089e+00
1.566666666666666652e+00
2.116666666666666696e+00
2.549999999999999822e+00
2.899999999999999911e+00
3.183333333333333126e+00
3.533333333333333215e+00
4.033333333333333215e+00
4.416666666666666963e+00
4.833333333333333037e+00
5.183333333333333570e+00
5.516666666666666607e+00
5.766666666666666607e+00
5.966666666666666785e+00
6.333333333333333037e+00
6.950000000000000178e+00
7.466666666666666785e+00
7.916666666666666963e+00
8.199999999999999289e+00
8.550000000000000711e+00
9.050000000000000711e+00
9.933333333333333570e+00
1.025000000000000000e+01
1.056666666666666643e+01
1.096666666666666679e+01
1.128333333333333321e+01
1.169999999999999929e+01
1.193333333333333357e+01
1.244999999999999929e+01
1.261666666666666714e+01
1.305000000000000071e+01
1.336666666666666714e+01
1.380000000000000071e+01
1.408333333333333393e+01
1.434999999999999964e+01
1.471666666666666679e+01
1.498333333333333250e+01
1.568333333333333357e+01
1.600000000000000000e+01
1.661666666666666714e+01
1.735000000000000142e+01
1.760000000000000142e+01
1.805000000000000071e+01
1.866666666666666785e+01
1.913333333333333286e+01
1.941666666666666785e+01
2.025000000000000000e+01
2.058333333333333215e+01
2.108333333333333215e+01
2.146666666666666501e+01
2.211666666666666714e+01
2.251666666666666572e+01
2.293333333333333357e+01
2.376666666666666572e+01
2.421666666666666501e+01
2.448333333333333428e+01
2.464999999999999858e+01
2.508333333333333215e+01
2.548333333333333428e+01
2.569999999999999929e+01
2.621666666666666501e+01
2.651666666666666572e+01
2.686666666666666714e+01
2.711666666666666714e+01
2.756666666666666643e+01
2.821666666666666501e+01
2.866666666666666785e+01
2.931666666666666643e+01
2.968333333333333357e+01
3.041666666666666785e+01
3.089999999999999858e+01
3.121666666666666501e+01
3.178333333333333499e+01
3.216666666666666430e+01
3.258333333333333570e+01
3.323333333333333428e+01
3.381666666666666998e+01
3.403333333333333144e+01
3.435000000000000142e+01
3.461666666666666714e+01
3.488333333333333286e+01
3.539999999999999858e+01
3.603333333333333144e+01
3.646666666666666856e+01
3.663333333333333286e+01
3.688333333333333286e+01
3.729999999999999716e+01
3.753333333333333144e+01
3.791666666666666430e+01
3.845000000000000284e+01
3.881666666666666998e+01
3.928333333333333144e+01
3.954999999999999716e+01
3.991666666666666430e+01
4.033333333333333570e+01
4.064999999999999858e+01
