nan
nan
nan
nan
nan
2.489999999999999991e-01
2.527333333333333099e-01
2.671714285714285597e-01
3.265000000000000124e-01
3.810000000000000053e-01
3.393999999999999795e-01
3.156818181818181746e-01
3.040999999999999814e-01
2.991076923076922967e-01
2.582571428571428518e-01
2.162000000000000033e-01
1.957000000000000128e-01
2.299117647058823433e-01
1.889000000000000123e-01
1.857842105263158017e-01
1.787999999999999867e-01
2.918000000000000038e-01
2.989454545454545698e-01
2.757434782608695900e-01
2.343999999999999972e-01
2.094000000000000028e-01
2.051923076923077016e-01
2.245777777777777651e-01
2.016000000000000014e-01
1.845068965517241422e-01
1.814999999999999947e-01
1.702193548387096744e-01
1.585499999999999965e-01
1.403515151515151438e-01
1.298058823529411876e-01
1.230428571428571483e-01
1.210999999999999993e-01
1.277702702702702697e-01
1.397736842105263277e-01
1.537923076923077004e-01
1.602000000000000091e-01
1.778634146341463440e-01
1.823428571428571399e-01
1.883930232558139461e-01
1.595636363636363519e-01
1.633000000000000007e-01
1.746434782608695668e-01
1.407319148936170272e-01
1.431000000000000050e-01
1.122795918367346935e-01
1.125000000000000028e-01
1.002450980392156910e-01
1.240538461538461534e-01
1.403886792452830323e-01
1.367148148148148168e-01
1.267999999999999960e-01
1.619857142857142884e-01
1.664614035087719213e-01
1.694448275862069087e-01
1.804101694915254128e-01
1.723666666666666680e-01
1.624918032786885347e-01
1.683645161290322489e-01
1.528126984126984000e-01
1.620000000000000051e-01
1.491230769230769138e-01
1.562212121212121219e-01
1.401164179104477658e-01
1.647764705882353020e-01
1.577594202898550679e-01
1.666999999999999871e-01
1.620718309859154882e-01
1.602777777777777690e-01
1.568328767123287615e-01
1.333351351351351466e-01
1.434666666666666590e-01
1.424368421052631672e-01
1.375896103896104006e-01
1.330641025641025599e-01
1.308531645569620261e-01
1.272000000000000075e-01
1.294469135802469029e-01
1.307707317073170672e-01
1.277204819277108494e-01
1.271095238095238111e-01
1.132470588235294090e-01
1.090116279069767435e-01
1.138298850574712695e-01
1.041909090909090840e-01
9.738202247191010685e-02
9.408888888888888857e-02
9.311648351648352251e-02
8.906086956521738762e-02
8.331827956989247552e-02
8.778510638297871982e-02
7.945789473684210236e-02
8.060000000000000497e-02
9.267628865979381236e-02
9.728163265306122298e-02
9.892121212121211815e-02
1.039999999999999952e-01
1.001227722772277257e-01
1.150176470588235300e-01
1.053184466019417426e-01
1.004000000000000031e-01
1.082428571428571407e-01
1.025509433962264183e-01
9.582803738317756392e-02
9.807777777777777761e-02
1.078036697247706371e-01
1.149090909090909052e-01
1.073972972972973006e-01
1.198714285714285732e-01
1.118345132743362863e-01
1.212894736842105303e-01
9.523913043478260398e-02
8.028620689655172060e-02
nan
