9.534016152285949008e-01
1.010085484408821177e+00
8.723695394436731254e-01
9.766076972991004634e-01
8.522762121138225400e-01
9.977389906834992495e-01
9.089136196201752504e-01
9.790630637055118823e-01
1.143538180414700456e+00
9.170736292618971719e-01
9.820269165682020684e-01
1.058903103048367100e+00
9.504693225934466305e-01
2.823384121841225003e+00
9.783223371146732017e-01
9.833555734968854045e-01
9.417998310212442048e-01
1.012439672286982395e+00
1.012707492506640383e+00
8.480531378400587572e-01
9.872137643984320032e-01
9.764670048134825864e-01
8.359857037044389205e-01
8.213811799471182340e-01
9.332720559823383111e-01
9.257455380759256336e-01
1.019961831829000465e+00
3.300908790909088619e+00
8.560657576301263783e-01
9.988055986949029297e-01
9.666482587970267604e-01
4.970419861413620244e-01
1.034072562346866508e+00
9.806775024294757115e-01
8.525443889520488705e-01
9.374584778469988722e-01
9.230632284505918550e-01
9.647363594426769939e-01
2.153981921014012535e+00
8.919206020984301597e-01
8.042011285374792706e-01
1.122918578049286742e+00
9.836857323564299760e-01
9.953760484228633132e-01
1.928911808445950449e+00
9.887706826783846381e-01
9.969676912338263364e-01
8.823652015100901247e-01
1.038401065744983587e+00
8.649931493581130004e-01
8.505647467199036749e-01
2.812643241233311109e+00
1.023812331703641165e+00
8.855395194595166997e-01
1.040350107220083364e+00
1.052031087379794005e+00
9.994119630261252274e-01
1.020856751785597760e+00
1.030005224217277471e+00
1.018931207310636244e+00
9.217072796917341604e-01
1.030143078307739879e+00
9.720659404132879766e-01
1.043751928598062539e+00
9.359846800028868152e-01
9.811630047198127702e-01
8.284567918947232101e-01
8.967096430416244823e-01
9.317271774675214280e-01
9.259459210017871866e-01
1.035627343395942646e+00
7.903079117855168478e-01
1.099293025785584632e+00
1.150070310510213911e+00
8.746344230241652751e-01
9.140768763671599517e-01
8.013356606060074716e-01
1.567026634191563517e+00
8.362889503960286852e-01
1.072259321329668280e+00
9.639076514874090895e-01
9.738527796974313366e-01
9.835673181108132157e-01
8.827963813210044641e-01
9.783263997106109722e-01
9.701776548796147148e-01
7.948160200574807543e-01
2.090491156536652184e+00
8.687949773626268968e-01
1.034207196688735175e+00
1.040142990632045850e+00
9.207874216700474568e-01
8.956154481636258158e-01
9.566285346606605566e-01
8.696257075945095227e-01
9.772368147530505755e-01
8.976984850726830167e-01
1.073738446257686885e+00
1.035614317337408385e+00
9.457471006880837638e-01
9.305128179097778007e-01
1.119916531528024173e+00
9.717978845409470656e-01
1.071925090336051101e+00
2.522180795259080455e+00
2.130675345209285698e+00
9.750042602521511448e-01
9.928840573093747901e-01
9.149540115124977779e-01
9.804293441527920372e-01
9.030928577734129714e-01
9.683489140102392589e-01
9.086692078784426307e-01
8.275193446155730825e-01
2.219304092440700149e+00
1.082047644926633412e+00
8.127323727551742927e-01
9.503825765175543117e-01
1.007770718667081900e+00
1.097259614512572590e+00
9.537474764338844668e-01
9.046721859325066450e-01
9.695667931611524626e-01
9.797626764230881191e-01
1.028541503115343314e+00
8.198776668983782656e-01
9.942101967302983123e-01
9.547309517132680501e-01
8.851641875304904206e-01
