nan
nan
nan
nan
nan
5.096000000000000529e-01
5.279333333333333655e-01
4.826428571428571512e-01
4.104999999999999760e-01
4.205888888888889010e-01
3.769000000000000128e-01
3.575909090909090704e-01
3.539666666666666517e-01
3.606769230769230616e-01
3.561714285714285833e-01
3.426333333333333453e-01
3.346999999999999975e-01
3.244764705882353106e-01
3.154444444444444717e-01
2.814684210526315900e-01
2.730000000000000204e-01
2.656809523809524065e-01
2.528454545454545399e-01
2.501217391304347837e-01
2.258333333333333304e-01
2.222000000000000086e-01
2.176384615384615306e-01
2.034629629629629566e-01
2.010857142857142843e-01
1.953172413793103357e-01
1.967666666666666730e-01
1.989419354838709575e-01
1.857499999999999984e-01
1.873969696969697007e-01
1.890882352941176403e-01
1.684285714285714275e-01
1.713222222222222091e-01
1.676729729729729834e-01
1.655842105263157782e-01
1.649589743589743585e-01
1.552999999999999936e-01
1.460097560975609776e-01
1.538904761904761886e-01
1.428441860465116398e-01
1.294727272727272671e-01
1.248777777777777820e-01
1.294608695652173791e-01
1.291638297872340357e-01
1.262333333333333363e-01
1.481265306122448999e-01
1.325000000000000067e-01
1.297137254901960801e-01
1.479307692307692268e-01
1.683169811320754661e-01
1.609407407407407453e-01
1.645727272727272594e-01
1.708857142857142797e-01
1.621543859649122732e-01
1.527551724137931055e-01
1.648661016949152514e-01
1.639666666666666772e-01
1.519377049180327954e-01
1.845612903225806456e-01
1.759206349206349218e-01
1.797999999999999876e-01
1.672846153846153927e-01
1.684606060606060607e-01
1.657149253731343419e-01
1.772352941176470464e-01
1.839101449275362399e-01
2.067571428571428616e-01
1.991802816901408479e-01
1.880555555555555591e-01
1.925452054794520584e-01
1.878405405405405293e-01
1.834333333333333371e-01
1.816157894736842027e-01
1.692805194805194757e-01
1.901205128205128159e-01
1.744291139240506383e-01
1.612000000000000099e-01
1.581271604938271624e-01
1.675048780487804756e-01
1.609277108433734838e-01
1.545904761904761948e-01
1.474882352941176422e-01
1.527162790697674521e-01
1.434701149425287314e-01
1.348454545454545461e-01
1.376382022471910049e-01
1.366444444444444573e-01
1.326604395604395470e-01
1.286826086956521786e-01
1.289075268817204412e-01
1.375319148936170188e-01
1.276526315789473787e-01
1.239666666666666694e-01
1.295711340206185669e-01
1.288632653061224376e-01
1.216404040404040349e-01
1.165000000000000063e-01
1.194396039603960458e-01
1.241568627450980455e-01
1.140932038834951423e-01
1.271923076923076878e-01
1.168714285714285706e-01
1.244584905660377355e-01
1.261317757009345897e-01
1.176703703703703696e-01
1.113724770642201822e-01
1.225909090909090976e-01
1.220054054054054010e-01
1.152857142857142830e-01
1.135823008849557586e-01
1.216771929824561338e-01
1.192260869565217457e-01
1.072275862068965552e-01
1.176803418803418766e-01
1.086830508474576212e-01
1.113512605042016740e-01
1.074333333333333390e-01
1.003785123966942083e-01
1.051688524590163876e-01
1.073032520325203215e-01
1.100806451612903192e-01
1.112999999999999962e-01
1.030603174603174632e-01
9.636062992125984938e-02
9.929999999999999938e-02
9.317751937984496136e-02
9.509230769230769820e-02
9.854351145038167670e-02
9.053030303030303039e-02
9.805187969924812619e-02
9.100746268656716154e-02
9.789629629629630070e-02
8.461764705882353355e-02
8.827080291970802739e-02
7.965507246376811457e-02
8.756978417266186865e-02
8.491428571428571992e-02
nan
