2.333333333333333370e-01
5.833333333333333703e-01
1.033333333333333437e+00
1.466666666666666563e+00
1.899999999999999911e+00
2.316666666666666874e+00
2.799999999999999822e+00
3.266666666666666607e+00
3.683333333333333126e+00
4.049999999999999822e+00
4.450000000000000178e+00
4.849999999999999645e+00
5.266666666666666607e+00
5.633333333333333748e+00
5.966666666666666785e+00
6.516666666666666607e+00
6.883333333333333748e+00
7.250000000000000000e+00
7.666666666666666963e+00
8.083333333333333925e+00
8.500000000000000000e+00
8.849999999999999645e+00
9.233333333333332504e+00
9.583333333333333925e+00
1.005000000000000071e+01
1.043333333333333357e+01
1.075000000000000000e+01
1.119999999999999929e+01
1.159999999999999964e+01
1.198333333333333250e+01
1.248333333333333250e+01
1.290000000000000036e+01
1.331666666666666643e+01
1.371666666666666679e+01
1.406666666666666643e+01
1.441666666666666607e+01
1.484999999999999964e+01
1.521666666666666679e+01
1.565000000000000036e+01
1.605000000000000071e+01
1.643333333333333357e+01
1.689999999999999858e+01
1.733333333333333215e+01
1.773333333333333428e+01
1.823333333333333428e+01
1.860000000000000142e+01
1.901666666666666572e+01
1.938333333333333286e+01
1.986666666666666714e+01
2.019999999999999929e+01
2.058333333333333215e+01
2.100000000000000000e+01
2.135000000000000142e+01
2.169999999999999929e+01
2.198333333333333428e+01
2.238333333333333286e+01
2.276666666666666572e+01
2.313333333333333286e+01
2.360000000000000142e+01
2.405000000000000071e+01
2.443333333333333357e+01
2.478333333333333499e+01
2.514999999999999858e+01
2.550000000000000000e+01
2.589999999999999858e+01
2.633333333333333215e+01
2.664999999999999858e+01
2.703333333333333499e+01
2.741666666666666785e+01
2.789999999999999858e+01
2.836666666666666714e+01
2.873333333333333428e+01
2.914999999999999858e+01
2.958333333333333215e+01
2.991666666666666785e+01
3.030000000000000071e+01
3.066666666666666785e+01
3.103333333333333499e+01
3.143333333333333357e+01
3.183333333333333215e+01
3.221666666666666856e+01
3.258333333333333570e+01
3.300000000000000000e+01
3.338333333333333286e+01
3.378333333333333144e+01
3.418333333333333002e+01
3.464999999999999858e+01
3.506666666666666998e+01
3.545000000000000284e+01
3.581666666666666998e+01
3.638333333333333286e+01
3.688333333333333286e+01
3.723333333333333428e+01
3.761666666666666714e+01
3.798333333333333428e+01
3.845000000000000284e+01
3.888333333333333286e+01
3.925000000000000000e+01
3.966666666666666430e+01
4.006666666666666998e+01
4.056666666666666998e+01
4.098333333333333428e+01
4.131666666666666998e+01
4.181666666666666998e+01
4.220000000000000284e+01
4.256666666666666998e+01
4.300000000000000000e+01
4.333333333333333570e+01
4.371666666666666856e+01
4.414999999999999858e+01
4.456666666666666998e+01
4.510000000000000142e+01
4.553333333333333144e+01
4.598333333333333428e+01
4.631666666666666998e+01
4.668333333333333002e+01
4.708333333333333570e+01
4.750000000000000000e+01
4.791666666666666430e+01
4.831666666666666998e+01
4.879999999999999716e+01
4.920000000000000284e+01
4.958333333333333570e+01
5.001666666666666572e+01
5.038333333333333286e+01
5.083333333333333570e+01
5.121666666666666856e+01
5.164999999999999858e+01
5.211666666666666714e+01
5.253333333333333144e+01
5.291666666666666430e+01
5.326666666666666572e+01
5.361666666666666714e+01
5.411666666666666714e+01
5.451666666666666572e+01
5.503333333333333144e+01
5.535000000000000142e+01
5.579999999999999716e+01
5.621666666666666856e+01
5.658333333333333570e+01
5.693333333333333002e+01
5.725000000000000000e+01
5.768333333333333002e+01
5.803333333333333144e+01
5.845000000000000284e+01
5.886666666666666714e+01
5.936666666666666714e+01
5.979999999999999716e+01
6.023333333333333428e+01
