5.614741128346643251e+01
5.519000472546993308e+01
5.543289509556370831e+01
5.616345871859574856e+01
5.630760001076497900e+01
5.625976191198547838e+01
5.634578562574665739e+01
5.627238753193636711e+01
5.609388617192030324e+01
5.599461042210879214e+01
5.625234945244481821e+01
5.638186113089849982e+01
5.502914347093143732e+01
5.501316292824744636e+01
5.614725917279308476e+01
5.570741517859614333e+01
5.600982518480847716e+01
5.569971909166238788e+01
5.642001855266627786e+01
5.580182820297086721e+01
5.643567478335563692e+01
5.535008968677355057e+01
5.653316473020991140e+01
6.011602126255589695e+01
5.590472225795097927e+01
5.506587189499544621e+01
5.531801020916824996e+01
5.504781783036600018e+01
5.564397397492069075e+01
5.509906124431542906e+01
5.587343824806046655e+01
5.597204579138725222e+01
5.529202737383165100e+01
5.649362256574491425e+01
5.517097212250399707e+01
5.532998217438718314e+01
5.655083715511811704e+01
5.650608558807089565e+01
5.531392175108393161e+01
5.523936791612859309e+01
5.647066262687687299e+01
5.524835330802320499e+01
5.504019429625406445e+01
5.570699023056055665e+01
5.586205345942625655e+01
5.553803234494737495e+01
5.530770548365034500e+01
5.636772694697791053e+01
5.575440187980856166e+01
5.613227064473051087e+01
5.587143933046426270e+01
5.645028802379780331e+01
5.584133278469489881e+01
5.525972983010233008e+01
5.669459369897258227e+01
5.617337721896934966e+01
5.575725572514866712e+01
5.590450382680953112e+01
5.511788138741841436e+01
5.542237550561996073e+01
5.532880935874935346e+01
5.596966166317309188e+01
5.590062848600665291e+01
5.610596896583859916e+01
5.549651369154479852e+01
5.566034759010271671e+01
5.585939341632006006e+01
5.640424197098809600e+01
5.631562783654489834e+01
5.565456351681217484e+01
5.543906850556378174e+01
5.515331486164038211e+01
5.539558346651750753e+01
5.543927566726824097e+01
5.565973313848255799e+01
5.585789144999821332e+01
5.521433271019319022e+01
5.588890516777774309e+01
5.548671746291113749e+01
5.651577708273828193e+01
5.629263964124751141e+01
5.589681142598705321e+01
5.587635965293679163e+01
5.597253361777381997e+01
5.588129901692000345e+01
5.630255243312938518e+01
5.508746032362198974e+01
5.572514346426541465e+01
5.522496311723524798e+01
5.513447893899630259e+01
5.649780885424471677e+01
5.645632590519841898e+01
5.519958090732667699e+01
5.562725632567985201e+01
5.615255887771181875e+01
5.630448203917684680e+01
5.529993124719148057e+01
5.589114026670365121e+01
5.524828938999620220e+01
5.508606652709770657e+01
5.571885021482548694e+01
5.514907897533705494e+01
5.739495206265267058e+01
5.656977448053881119e+01
5.528756871826855956e+01
5.515566173372229741e+01
5.512853801369536200e+01
5.512805885547917484e+01
5.509298259817845889e+01
5.548972647136332625e+01
5.566377073216402493e+01
5.559668263463429128e+01
5.592228765865576179e+01
5.550166256157329769e+01
5.527442093381048949e+01
5.565637024940452449e+01
5.504058737123500578e+01
5.501565847198733650e+01
5.621498628093201688e+01
5.547193209079139820e+01
5.573230768804567248e+01
5.562941138200128677e+01
5.566227592669780222e+01
5.588724184408942364e+01
5.632548646997972952e+01
5.617445409788110311e+01
5.618679460085736821e+01
5.516760086555604659e+01
5.649728953317163160e+01
5.581379989168878808e+01
5.545818209508889396e+01
5.510180524301208749e+01
5.564785827937556206e+01
5.583924883579474852e+01
5.583982542571636287e+01
5.528713762211556570e+01
5.565613727179066927e+01
5.643555719442215945e+01
5.646982576977509183e+01
5.574672093030991249e+01
5.507863081447114695e+01
5.504977267898400584e+01
5.548929292057594154e+01
5.625489455138271211e+01
5.521112701277842660e+01
5.541089882359666774e+01
5.597890106643605179e+01
5.556640912059236825e+01
