4.744893617299567046e-01
5.384936045647691349e-01
4.796632364000811277e-01
4.695504444636048880e-01
5.154603048625244766e-01
4.795616993782778059e-01
3.599027663992546699e-01
5.122908788987819984e-01
4.708084834606597879e-01
4.240089057405793671e-01
4.451953299078604820e-01
4.551584595166127678e-01
4.562590951966331021e-01
4.874932303280434254e-01
4.468732588128137007e-01
4.639784325667870024e-01
4.122198802581715227e-01
4.759084615624397108e-01
3.979418390628848279e-01
4.771607943901449156e-01
4.871381015121664659e-01
4.809740493820095497e-01
4.787946991188459789e-01
4.723318281699380172e-01
4.656316284417698625e-01
4.955946723636270868e-01
4.641935391339688799e-01
4.836236454551385844e-01
5.238693085978366470e-01
4.966778486080716259e-01
4.974697752728547973e-01
5.046621164646990509e-01
5.267549170766279154e-01
4.821323646305609167e-01
5.436246569603326861e-01
4.438029142818640804e-01
4.076239313140240239e-01
4.624299937239266245e-01
4.885132818088504525e-01
4.833337259113409390e-01
5.053817431758648171e-01
4.967057580621871971e-01
4.829912584320004698e-01
5.246154695120367473e-01
4.514220061453397825e-01
5.053404221741311098e-01
3.943478437138537851e-01
4.663927028612033787e-01
5.052272764388657800e-01
2.418196281814528170e+00
4.518830150767849108e-01
4.587164897678189801e-01
4.572587841687709709e-01
5.344279622761473059e-01
3.048993718445594858e+00
4.381102016073896155e-01
3.393803212633519917e-01
4.908746724345632861e-01
4.299850738321424615e-01
4.889734145528700782e-01
5.813213212345590408e-01
4.970693372725258907e-01
4.737716182772032658e-01
4.172769873174911326e-01
4.703472739059270658e-01
4.040064983933257525e-01
4.798300421665976367e-01
5.105360642624645617e-01
5.301275741567269550e-01
5.061326530587121342e-01
5.110649877089258331e-01
5.901784185131918603e-01
4.695425422883363620e-01
5.595847050496536301e-01
4.363512968941586356e-01
4.711432672448290782e-01
5.001200417742688309e-01
5.017589243689599687e-01
4.376764936078211821e-01
4.417336400392105067e-01
4.820071466057038179e-01
5.409906222194922343e-01
5.227186103054123345e-01
5.241421721619713425e-01
4.755078872170656612e-01
5.083973582043221917e-01
5.209715425845706793e-01
4.651852259722181748e-01
4.896467532449810256e-01
5.121550627964097657e-01
3.981012828873985998e-01
4.998792557832848482e-01
4.462590173897320045e-01
1.000871256744771953e+00
5.020838078383849101e-01
5.107358328811483217e-01
6.031030839188793458e-01
5.588817079530327137e-01
4.587105115583040016e-01
5.138697810202756955e-01
4.350312706566956122e-01
5.008040319852988809e-01
5.545908109093216076e-01
4.787503909951033032e-01
3.966041211340530226e-01
-1.187621609119230426e+00
1.290560890588019483e+00
4.347660945085772277e-01
4.462402604554040475e-01
4.829945667826791578e-01
2.973418562841457113e+00
5.030174168495454845e-01
5.663785043921205187e+00
-3.888100166022941284e+00
4.696876574118982739e-01
5.026012020703682914e-01
4.807341055673486907e-01
5.006172714163972248e-01
