nan
nan
nan
nan
nan
3.321000000000000063e-01
2.295666666666666689e-01
2.178142857142857103e-01
2.924999999999999822e-01
3.537444444444444169e-01
3.861999999999999877e-01
4.243545454545454287e-01
4.541333333333333333e-01
4.797846153846153650e-01
5.029571428571428804e-01
5.188666666666666982e-01
5.212999999999999856e-01
5.431823529411764495e-01
5.541222222222221827e-01
5.710421052631579064e-01
5.746999999999999886e-01
5.889857142857143346e-01
5.933727272727272739e-01
6.062304347826087403e-01
6.099999999999999867e-01
6.289000000000000146e-01
6.357307692307692104e-01
6.301777777777777256e-01
6.345142857142856974e-01
6.411034482758620756e-01
6.392999999999999794e-01
6.464516129032258362e-01
6.489000000000000323e-01
6.632818181818181946e-01
6.674294117647059377e-01
6.663714285714286145e-01
6.651333333333333542e-01
6.651378378378378642e-01
6.625052631578947082e-01
6.750538461538461155e-01
6.653000000000000025e-01
6.732585365853658299e-01
6.817428571428570949e-01
6.691651162790697160e-01
6.695363636363635962e-01
6.768666666666666165e-01
6.748652173913043395e-01
6.819404255319149177e-01
6.744999999999999885e-01
6.833510204081633121e-01
6.783000000000000140e-01
6.775529411764705801e-01
6.775153846153846304e-01
6.841924528301887021e-01
6.820888888888888557e-01
6.781090909090908836e-01
6.757571428571428340e-01
6.677368421052631842e-01
6.752517241379309976e-01
6.853050847457626826e-01
6.762000000000000233e-01
6.809393442622950765e-01
6.744258064516128748e-01
6.720619047619047493e-01
6.722500000000000142e-01
6.758923076923076811e-01
6.445909090909091033e-01
6.445477611940299001e-01
6.136647058823528900e-01
6.154434782608695365e-01
6.143857142857143128e-01
6.040929577464788647e-01
3.819666666666666766e-01
8.400068493150685267e-01
nan
