7.745823468320623155e-04
4.716402016829306793e-03
7.211522892164111409e-02
1.612274768412930853e-02
9.152719311458668450e-04
-4.551238683493579601e-02
1.046183293219996868e-01
-2.673486397973761156e-02
-1.850511882274417930e-02
1.425492163766648411e-02
3.326336323234499980e-03
-2.295901428743036404e-02
-9.667463001395617400e-03
-1.335569497394601540e-02
-4.420980517856833159e-02
-3.664506008094121914e-02
2.467453058092814941e-02
2.200400212872182047e-03
1.296865981239250266e-02
-4.060549767622205486e-02
1.589388993122042848e-02
2.599214705560825775e-02
2.483981536045121175e-03
1.179585613520316677e-02
1.654384698582021069e-03
3.750685708550918155e-03
-2.201044786078398471e-02
1.446047243863347355e-02
1.226622773103883818e-02
2.867668713611806232e-03
-9.774550388328236139e-02
-2.378923356989503038e-02
-1.403361743624941503e-02
9.201837441737551956e-03
4.182689277391830190e-02
-1.066276229928348612e-02
-3.154097066917017911e-02
-2.332763037012114057e-02
3.922369207084386994e-02
1.270558045700511188e-02
2.803337847903719648e-02
-4.027502784788850737e-02
-9.246815702127833547e-03
-3.792614215760181651e-02
-3.767106765461789714e-02
-1.561476286503705145e-02
3.297405766827523482e-02
-2.178616415583291971e-02
-2.407413723427680348e-03
-6.533488408222183109e-03
5.989102334469521144e-02
-2.637656349492090158e-02
-2.363459132869365903e-02
2.950863651830672955e-03
-2.889180608211006432e-02
-4.640074743842774463e-02
-1.023613420050310113e-02
-4.539095250990157759e-02
-2.843583437099596323e-02
-2.365812846848030018e-02
-3.879027687310383776e-02
1.424899530511879696e-02
-9.255103877364945220e-03
1.841857152425518604e-02
3.369340287204068002e-03
2.329974015009042901e-02
-1.394801885973379237e-02
-7.830570531763720865e-01
-3.823323795708177125e-02
2.596135373165736962e-02
3.263098199447540381e-03
2.854818307108644357e-03
3.657469993435142740e-03
-5.316218494498343473e-03
-2.453950547101385257e-02
1.875900038485099272e-02
-1.015961939250360074e-02
1.217605294567647477e-03
1.365770642980464883e-02
-2.125738199379043070e-02
-4.710002170127609161e-02
-2.350489326399440512e-02
2.495575444166718213e-02
2.088823554784198511e-02
1.195195406667153362e-02
3.238610763801830217e-02
2.003985577207572505e-02
-4.550517582837301442e-03
-2.220946733363007158e-03
-5.446479625391021116e-05
-3.215763006624570292e-02
2.830443913200156314e-02
-3.885480365542037101e-02
-8.180861954003830136e-03
-2.138301157950366072e-02
-1.578483148359168800e-03
2.569284527506113247e-02
7.664433750659327459e-04
-1.531046646609638545e-02
-2.568066952899471234e-02
-2.775340931743755860e-02
-2.197930548791589278e-02
2.426525683239901844e-03
-4.033570185439714489e-02
-1.192528419257143923e-02
2.345981903633287576e-03
-7.523469897848827047e-03
1.641604216033726998e-02
-1.008651229084648465e-02
-8.994193644390975628e-03
-4.667607383473921373e-02
-4.554617253648416547e-02
-1.993030501183738843e-03
1.077190198941480048e-03
-4.113222105502700038e-02
3.637100101605028526e-03
3.761959802908677181e-02
1.435365020746644411e-02
9.050759389140239797e-04
1.434857639156746252e-02
7.137419036762548963e-01
1.330306800186008276e-02
-1.377679260443812753e-02
1.342072102225529313e-02
1.236301440461886648e-02
-1.762500966760398996e-02
-1.203364410728795589e-02
7.905042921521499445e-04
-3.748313067724325098e-02
2.581650229064962315e-03
7.172856812234857937e-01
3.242173305295636965e-04
-7.074516595460750290e-02
-1.731378916876678831e-02
