nan
nan
nan
nan
nan
3.698000000000000176e-01
3.775333333333333319e-01
3.229000000000000203e-01
2.416999999999999982e-01
2.323888888888888948e-01
2.477000000000000035e-01
2.835363636363636419e-01
3.278666666666666396e-01
3.617384615384615643e-01
3.587000000000000188e-01
3.585333333333333150e-01
3.567000000000000171e-01
2.958352941176470852e-01
3.121111111111111169e-01
3.207789473684210524e-01
3.335000000000000187e-01
3.399666666666666393e-01
3.190181818181818119e-01
3.338521739130435040e-01
3.167333333333333112e-01
3.214000000000000190e-01
2.736692307692307757e-01
2.578407407407407592e-01
2.258999999999999897e-01
2.178206896551724003e-01
2.226666666666666794e-01
2.171935483870967853e-01
2.150499999999999912e-01
1.953787878787878740e-01
1.759176470588235397e-01
1.584571428571428520e-01
1.808222222222222175e-01
1.851027027027027094e-01
1.954105263157894790e-01
1.666666666666666574e-01
1.600999999999999923e-01
1.572463414634146239e-01
1.448476190476190584e-01
1.366511627906976667e-01
1.487090909090909019e-01
1.443777777777777716e-01
1.333173913043478320e-01
1.341914893617021376e-01
1.140666666666666634e-01
1.162122448979591854e-01
1.091000000000000025e-01
1.115450980392156816e-01
1.112999999999999962e-01
1.073660377358490597e-01
1.122814814814814821e-01
1.092272727272727284e-01
9.948571428571428843e-02
9.534035087719298918e-02
1.143103448275862022e-01
1.043559322033898312e-01
1.114666666666666722e-01
1.127491803278688476e-01
1.098967741935483883e-01
1.252253968253968230e-01
1.326499999999999901e-01
1.446846153846153837e-01
1.420424242424242478e-01
1.488835820895522410e-01
1.545411764705882374e-01
1.596188405797101528e-01
1.594428571428571362e-01
1.703816901408450601e-01
1.748888888888888993e-01
1.746602739726027531e-01
1.770054054054054082e-01
1.842999999999999916e-01
1.907526315789473681e-01
1.888623376623376759e-01
1.781538461538461626e-01
1.832303797468354534e-01
1.915999999999999925e-01
1.973703703703703627e-01
1.960487804878048856e-01
2.035421686746987924e-01
2.092571428571428638e-01
2.106999999999999984e-01
2.203767441860465248e-01
2.189218390804597569e-01
2.282545454545454600e-01
2.383662921348314589e-01
2.292333333333333445e-01
2.422604395604395500e-01
2.401521739130434707e-01
2.473129032258064575e-01
2.519468085106382760e-01
2.593578947368421206e-01
2.612499999999999822e-01
2.632268041237113554e-01
2.680918367346938891e-01
2.617484848484848414e-01
2.691000000000000059e-01
2.800445544554455712e-01
2.743999999999999773e-01
2.749106796116504992e-01
2.767692307692307674e-01
2.864666666666666472e-01
2.837679245283019069e-01
2.793644859813084191e-01
2.806814814814814762e-01
2.804100917431192608e-01
2.786636363636363911e-01
2.738954954954955223e-01
nan
