-2.134756130691869286e-02
2.498524481325660115e-02
5.165941088173440186e-03
-4.779896948223267758e-03
2.566794231166227153e-02
-1.240706893445349054e-02
-7.987890426938405730e-03
5.349993109011848096e-03
-6.347957465214904352e-03
-6.100533785141806602e-03
-5.262486290411629887e-03
-1.398504072294031245e-02
-7.614054888210830714e-03
-1.136361439078143604e-02
1.256336200409430282e-01
1.917784577594204565e-02
1.751805981212782928e-02
-6.284675724866019275e-02
3.135415188569567330e-02
-6.794229884141600798e-03
-2.462551136728336615e-02
-3.417149808484509776e-03
2.259450050966052212e-03
-3.272644933064725731e-02
-7.660330098638610218e-03
-8.923259852561557515e-02
-7.464121180094025407e-03
-1.168331337210531777e-02
4.485777204141640911e-03
5.353744527678827407e-03
4.813319582041003519e-02
-1.750010405755347137e-02
-6.212223776727796888e-03
-1.984222552247729213e-02
1.747281400188626169e-02
-3.653733004264836381e-02
5.375252816640454546e-03
-8.925825475504325229e-03
8.587260471228432349e-03
-5.208582506867116824e-02
-7.204721990514712654e-03
-1.963340709609269485e-02
4.051543920020435341e-02
2.677235976687825439e-02
-4.620262888171851150e-03
2.601412708912391805e-02
3.353724759834904312e-02
-7.455076808391254695e-03
-1.992435947782269026e-02
2.894913144340876057e-02
-6.861770868058045258e-02
-2.350972634669006023e-02
-1.498976521305528907e-02
5.869487183968658678e-02
1.958152280881677101e-02
9.521291824013360106e-02
-8.648490152625640248e-02
1.524537558849544880e-02
1.959028328168983465e-02
-1.280534695876212915e-02
5.077325735209683652e-03
5.138977511204842474e-02
-1.004355645074440362e-01
-2.670026951060435957e-03
-1.072797156174146865e-02
-1.324336510354441956e-02
1.839426104750032168e-02
-2.865848138367255160e-02
4.544092375121579208e-02
-9.343916706041567946e-03
8.353663368028492117e-03
1.727904788689300919e-02
-5.623615499839047099e-03
1.357464829939601658e-02
-1.941626856124344103e-02
9.200543188160281022e-03
-6.692368353030929418e-02
1.453592826323983926e-03
5.580330052608587638e-02
3.661746301693028643e-02
4.743222787440117515e-03
1.694474552541350848e-02
3.773856209069208472e-03
1.803603387855318499e-02
1.099660449635962364e-02
-4.181979046937840672e-02
1.634044444094797689e-03
8.236737119484530134e-02
-2.125276889150597842e-02
-8.842843812014394497e-03
-1.081357373821219964e-02
-2.098768683857315381e-02
-2.108820511364456127e-02
2.147980886344271270e-02
-1.868413252224854562e-02
3.284023476134393521e-02
-3.005822683859662309e-02
-2.434617177464247148e-02
-2.096685494343773770e-02
-5.540999459613488165e-02
-3.053861244604831951e-02
-4.460876170271490387e-02
-3.249829587154295235e-02
-4.492350707818786731e-02
6.563872490081053106e-03
5.174639869285897580e-03
-8.614962012268165270e-02
1.633019726863722126e-02
2.290534799553256388e-03
5.799915764134766852e-03
-6.664489344811955034e-03
1.395254360619048797e-02
4.014929636813917291e-02
