nan
nan
nan
nan
nan
2.601792424585616104e-01
2.035416272659622550e-01
2.783436244786197111e-01
2.179607845520596943e-01
2.882843691292139576e-01
2.124359576296005470e-01
2.032151647661543103e-01
2.238148334670386763e-01
1.630923094419842734e-01
1.088099617813415021e-01
5.140826181157609476e-02
5.640759226339309151e-02
6.376588052245557581e-02
3.551114764237151000e-02
2.626727440327181196e-02
1.885416623685435278e-01
3.250397721062771028e-01
2.530205923592998563e-01
1.636109236412266466e-01
2.008227092342754760e-01
2.959614511058791253e-01
4.322432567306863094e-01
3.743428830281739783e-01
3.635573409618666485e-01
3.425325245793167106e-01
1.787258027466213095e-01
1.432344490285616390e-01
1.976386361200250796e-01
2.639744759765554338e-01
2.399531861337903527e-01
3.422239675676546078e-01
3.089447886418961176e-01
4.658128238152990930e-01
3.628869515210837449e-01
4.640044532501983454e-01
5.301776614443809432e-01
6.200962952067263778e-01
3.284218809775518721e-01
2.783287679850671159e-01
1.428219203649613300e-01
1.960236033913208553e-01
1.604980855538090667e-01
4.946521847859719490e-02
4.590788552190916416e-02
7.365764195993995678e-03
2.987216389196412081e-04
1.511667604272570742e-04
6.961947295169856886e-05
3.139628467729860262e-05
7.419781199335950816e-06
5.662639048775730544e-06
1.274819575802776939e-05
1.933935429732080991e-05
1.791065564216154371e-05
1.381025113633693735e-05
3.256074292989907804e-05
1.510573893226396791e-05
2.810067378322678167e-05
3.318562106069400386e-05
3.698112832750677370e-05
1.548064192402609507e-05
3.704213751010154709e-05
1.922046471181104721e-05
5.486735530091380042e-05
1.522517438923287614e-05
1.951006015388223602e-05
7.163113757124861536e-05
3.419383532898834233e-05
5.060581817661891080e-05
5.965328327939278807e-05
6.825064412252501711e-05
7.044356704366538935e-05
5.188998134875166812e-05
9.922912109217030263e-05
9.741894422499175477e-05
1.373727830712434539e-04
9.766571543134983102e-05
7.355146889331809490e-05
1.208809496003881989e-04
1.135106833686228001e-04
1.339405189005882235e-04
2.253853016748186278e-04
1.907018351939848699e-04
1.328566733910241382e-04
2.502118308094214427e-04
2.257671895498081227e-04
2.300749096634246982e-04
3.074623633038120474e-04
4.341495524603500300e-04
1.954669103523265505e-04
1.885576215305828640e-04
2.944791493659781878e-04
3.515213188616250761e-04
4.311526383220520842e-04
2.731149238812680125e-04
3.838186981756086524e-04
2.563063131539866646e-04
2.164325975871905783e-04
1.493227816051767576e-04
3.077069476747906762e-04
2.495650882463618103e-04
3.250114869171039089e-04
2.699888704047470611e-04
3.904851563613087606e-04
3.480652576952625310e-04
4.227982854334566554e-04
3.018240460929133562e-04
4.423016816491598391e-04
4.409900171676861547e-04
6.223047226481259742e-04
5.660718250855012457e-04
9.862621534952875635e-04
1.478070225980787633e-03
1.133231059769257421e-03
1.011511544176557642e-03
1.423343001346721870e-03
1.764619318362914413e-03
2.198085169317853804e-03
1.581881286917830032e-03
2.133677186039850682e-03
1.633820533341601156e-03
1.270861319936478218e-03
1.831564227682269674e-03
2.124389288802430720e-03
1.228284585111927285e-03
1.577799696846682309e-03
9.588597168638246515e-04
5.901122074400966255e-04
nan
