2.089126914322844142e-01
1.338240966156649947e-01
-2.646633401653900597e-01
6.740758127736597161e-02
5.599307341796816440e-02
4.578895238757922648e-02
-1.747124332154260107e-01
-1.586089318881292454e-01
1.463501001109318578e-01
-4.820495973431775452e-03
-4.285151932497513298e-03
-2.550478739406512041e-01
-2.404822736181465714e+01
-1.956912616379440778e-02
-1.350231554237052434e-01
4.717829822135854306e-02
-1.042881276808202591e-02
6.115403334085840747e-02
-8.731863843566997629e-02
4.251028189531552703e-02
1.115370432823112878e-01
-1.902447950022860892e-02
7.015051071791277015e-02
-3.340473169371819262e-01
1.080934285196804012e-01
-1.274974633874235153e+00
6.242854741529071938e-02
-1.328926278760491145e-02
-1.708745116466047972e-02
-9.038940675253627488e-02
1.682710859101052836e-01
-3.830442534122152409e+01
2.357753445972183570e+01
-2.139745229134973684e-02
-9.311376087599797235e-02
4.954669530418755186e-02
-1.717743477784622885e-01
-2.698815867918321620e-01
-1.643530925749928442e-02
-9.574816792309291669e-02
1.791738380092326166e-01
-1.810679437841326844e-01
6.795712085724972019e-03
-1.504424363089401639e-01
-5.251630021687106291e-03
-8.657926657657298575e-02
-1.675215350390339974e-01
-9.031958401206224840e-02
2.220152240546599265e-01
-1.657841215735737783e-01
-2.722492805487530809e-01
-2.597669329060630639e-01
-1.193699577621998818e-02
5.603077277021611957e-02
-1.976630358743932531e-02
-6.982384531454499665e-03
1.150076853548534922e-01
-7.071260992303325388e-01
-8.746245027998042834e-03
4.089271549399458583e-01
-3.013457829480813421e-01
5.996153245270988835e-02
1.187522895862264255e-01
-4.216525793833625357e-02
1.204695928366339785e+01
-1.244482624237480906e+01
-7.238028355704501093e-02
1.271278094925858504e+01
-1.318793011088547651e+01
5.606968005680641742e-02
5.272285073138277545e-02
-2.195947148136326646e-02
-3.244612083791761914e-01
7.439999462166781152e-02
-1.265050840074491145e-01
-9.870557354920777085e-03
-9.187008934314917774e-02
-3.361045222701244395e-01
7.238849475497886876e-02
-9.545157407417434459e-02
3.989472895256767487e-02
-2.566316098176798718e-02
1.585604654966346139e-03
-1.487115730738093511e+01
1.299872260472807184e-01
-1.263510600817312375e-03
5.150125085238187184e-02
-1.620807886142313359e-01
-1.811586970623193238e-01
-4.664118089037856164e-03
4.383942430150545855e-01
5.125410232101557800e-02
1.097946349026346913e-01
-4.661477025319982030e-03
-2.528801845365473144e-01
7.305532672382440695e-02
-1.576022746308467642e-02
-1.611441661021456306e-01
-6.102468537774018431e-01
-8.735401015381683010e-02
-8.362284556191980356e-02
-1.588075972249322343e-01
-9.540260508381806503e-02
-1.785058207197795233e-01
-8.682284873791673574e-02
-7.479989569969518193e-02
-2.012758859730411076e-02
-3.081283636553894256e-01
-6.977744881366106100e-02
-1.670985788459466992e-01
-1.541078022049077907e-02
-9.503252599194525474e-02
-4.028969176809891750e-01
4.938357574654219512e-02
-3.506733049003764591e-01
-1.567042413929357336e-01
-1.791825943893076145e-01
-1.785907068147793153e-01
-1.643054161892098242e-01
-2.804633458847888630e-02
-1.040963895698723655e-02
-8.952438278936199201e-02
-1.822657746386994460e-01
1.230982461908081416e-01
-6.480837376241652126e-02
1.791993568264831638e-01
6.116121468127402871e-02
-3.223230566163692856e-03
-9.450324513589657416e-01
-1.756340600568535165e-02
-2.450992905264394173e-01
-3.390508046725511648e-01
5.318199299486195408e-02
-9.038224069608531697e-02
5.205705687819772720e-02
-1.846417606820295945e-02
