9.436303414180496896e-01
9.346667417686103096e-01
8.074745314861569989e-01
9.744853280674488083e-01
1.009105240394592373e+00
9.408140483907549978e-01
9.151686124912840059e-01
1.001923592252360384e+00
9.803720097587733662e-01
1.001436324407354750e+00
1.018178657437995405e+00
9.818449038166749965e-01
9.316071078968548580e-01
9.099454259938534184e-01
1.019736033372355521e+00
9.887767994763340118e-01
1.034256889727482864e+00
1.061917570165867408e+00
9.486041972980410186e-01
9.632170069612970842e-01
9.692446749446617105e-01
7.506349321996776958e-01
1.023200042470152837e+00
2.395956697916933553e+00
9.816669353766588335e-01
1.013344728466333944e+00
9.684449885701701399e-01
9.598343987501539720e-01
9.589940852863310106e-01
8.591922455748703946e-01
9.069859434869226300e-01
9.337394266778074048e-01
9.196916133213949296e-01
1.055167238065012114e+00
9.075308720356087822e-01
8.448730658695967621e-01
8.850373167605971592e-01
1.039805599357853216e+00
8.843396209978322542e-01
7.751185277107469629e-01
1.026875895349455670e+00
7.677065898603814276e-01
9.865826829606498816e-01
9.443703086093842014e-01
9.933568899867668556e-01
9.194188657556946476e-01
1.032662731444570436e+00
9.401694965331990339e-01
8.734329427167949467e-01
9.102680828551069636e-01
8.567137702344302941e-01
9.078462835614982129e-01
9.727584680139897966e-01
9.346733442506343081e-01
1.544872444478178286e+00
1.000150454854017434e+00
9.691540246523664415e-01
9.208081627355272358e-01
9.757284324155079958e-01
7.876698051086350461e-01
1.039281098790595381e+00
9.828641096553815126e-01
9.916805792040076506e-01
9.888902683895889334e-01
9.790560228254389097e-01
8.056663639088492701e-01
9.373919471693580308e-01
8.650651264515636374e-01
9.904468850738521457e-01
1.010451870072822667e+00
9.684004390944255247e-01
1.022079994901744060e+00
9.369654495620898249e-01
9.034261320262043649e-01
1.022257670103519978e+00
9.219417312548080501e-01
1.002068119878097185e+00
1.004242291337673176e+00
1.038953907445343328e+00
8.905546700675927019e-01
8.599041780762445297e-01
9.611845850075360076e-01
1.032122511401835308e+00
9.874681744134022887e-01
9.549769799909222368e-01
9.318421980827247264e-01
9.647958673529205553e-01
9.469595218437825146e-01
9.132768671731309462e-01
7.341743287631606885e-01
9.148611000197319765e-01
9.658309221326613070e-01
9.020232281575476518e-01
9.356678932183148945e-01
9.482696303152828854e-01
1.006011289315181356e+00
9.135454089311224601e-01
1.014790739150275733e+00
7.388040408222331656e-01
8.796032543332217291e-01
9.450076237167195359e-01
8.833088441353470488e-01
1.010981078447634962e+00
9.895157475916175338e-01
9.123341858377511659e-01
9.551333348199796403e-01
8.842088518378068418e-01
9.111778403976313889e-01
1.000023410843832616e+00
9.336273389617349983e-01
1.029365497795627027e+00
9.100459758941519262e-01
6.720163843635327261e-01
9.264007383667354212e-01
8.176005041808526164e-01
8.694254881805477675e-01
9.665438197487423722e-01
9.828842918168243514e-01
9.690931737160258796e-01
9.567549388797419452e-01
1.026412323430429208e+00
9.569286012685733755e-01
9.671514599375155008e-01
9.876030473179731040e-01
9.010461156462270527e-01
9.407323075508133847e-01
9.446090168878004123e-01
9.574601459098220912e-01
9.638600024784272913e-01
1.016456909436189937e+00
9.081424889763229924e-01
1.004609819295731121e+00
1.045678338839177268e+00
9.849730609006701609e-01
1.064140386340188815e+00
9.575441801754368543e-01
9.910491506833341013e-01
1.011611671820921821e+00
9.918893300540753133e-01
9.464138209286261372e-01
8.918796500413077588e-01
8.390508936970400011e-01
9.937808919787517459e-01
9.288026691737263363e-01
9.114194489038345282e-01
9.580026273581665475e-01
8.742411693328108191e-01
9.382865988567801185e-01
