3.637102538798635720e+01
1.860002274166204828e+01
8.099948641734716404e+00
1.830621744703515219e+01
2.977915390125332351e+01
1.668787784489887827e+01
3.338724667774052790e+01
3.127561533317624409e+01
3.059077589439872469e+01
2.814163783091882465e+01
2.833579215425491071e+01
2.720088453310548715e+01
1.233016616651661401e+01
3.200577027749365300e+01
3.020750838724305964e+01
7.489456702436953606e+00
1.390616620591224084e+01
2.294870506223403694e+01
3.200730108596656720e+01
1.514756994301790982e+01
1.636040672557421161e+01
3.414110699560650630e+01
1.291961969396918164e+01
1.730190809636665250e+01
2.628075704757049635e+01
1.897725597271528031e+01
1.347487186851243557e+01
1.903116802178436373e+01
1.158456007784585928e+01
3.065013563295228494e+01
1.092553994185639432e+01
3.241474415841574341e+01
3.026319279828083797e+00
1.869961075137392825e+01
3.201850147781289024e+01
2.955422001364410534e+01
3.233540369837147921e+01
1.992612859811753623e+01
5.052118443408878612e+00
9.629268853892636315e+00
2.594177141943352893e+01
6.270779783898008830e+00
1.965951681144667162e+01
2.669884775443658498e+01
4.430571875503089174e+00
3.680634133811452102e+00
1.653590891950878472e+01
3.415874628440116112e+01
8.954327960710847023e+00
2.020244370381253152e+00
3.302409902685229781e+01
2.164785102198281663e+01
4.899610985704132560e+00
4.110698077101648806e+00
1.042448047949271706e+00
8.683727965974320284e+00
3.276795230209465615e+01
1.857698707525153736e+01
2.541223520720269846e+01
1.071342165106867128e+01
2.237479983754246859e+01
1.308180861715655929e+01
2.414009434613666016e+01
1.505079889429505791e+01
3.045227101255381186e+01
9.100629169179244471e+00
3.147630182500598295e+01
3.410230858780172269e+01
2.154344872782730036e+01
2.233358098932201941e+01
1.702595637784280314e+01
1.673502022129079947e+01
2.712981872142226081e+00
1.033426822610908857e+01
2.952532739260155736e+01
3.561533075306600438e+01
8.103095568396799564e+00
1.440331814974860336e+01
1.529667962619601518e+01
2.440584255085784093e+01
8.403917983350464027e+00
3.783186549168338075e+01
3.047690679184706752e+01
3.458324180320946795e+01
3.338974989796096082e+01
2.966767733104934379e+01
2.471129988326415727e+01
3.211388341101400101e+01
3.186572822409825179e+01
3.572369330303101975e+01
1.874749114196482225e+01
3.127772562050018479e+01
8.747051091274734347e+00
3.133739047244479536e+01
7.276208275220653832e+00
2.428219786962576165e+01
3.099790072757455661e+01
2.521833978485357619e+01
6.715025885651655813e+00
1.477836941835400886e+01
2.605629553684760324e+01
1.874615036513382549e+01
3.741409930855788701e+01
3.396096291353748597e+01
2.845874130090182774e+01
9.374524256756338048e+00
1.398149337074698728e+01
2.885812811021958524e+01
1.876046557515534374e+01
3.307318181485569397e+01
2.778806450927149285e+01
1.983417199060240943e+00
3.205003677742787715e+01
3.124865676151708271e+01
1.356841340715334354e+01
3.682816314014303316e+01
2.715438346730712738e+01
1.986658675994538470e+01
1.985961446019154053e+01
1.976255186615071935e+01
1.922707751853389979e+01
3.361325688182903093e+01
5.561733952711641393e+00
1.870500304726408913e+01
9.101754729071540595e+00
1.623022120753397957e+01
1.910900780966924728e+01
3.250536286148197718e+01
3.406265975021467796e+01
3.072380793014798783e+01
3.221075985806901087e+01
3.315298073656049382e+01
2.058668608575763770e+01
1.529684039051853972e+01
2.600203956317360010e+01
4.753569627790600549e+00
7.154607066929470349e+00
2.806986161292658721e+01
1.765393341559743945e+01
2.623911971149720657e+01
1.143084468873142079e+01
1.545053250269364575e+01
3.011888321236932953e+01
1.990555665156987075e+01
1.402816552993529520e+01
1.534189849377335513e+01
3.445063127324983299e+01
1.059490222326376418e+01
