nan
nan
nan
nan
nan
4.919000000000000039e-01
3.910000000000000142e-01
4.344285714285714417e-01
4.823999999999999955e-01
5.139666666666666828e-01
5.489000000000000545e-01
5.586727272727273208e-01
5.675999999999999934e-01
5.300307692307691942e-01
5.350142857142856645e-01
5.413999999999999924e-01
5.034999999999999476e-01
4.813294117647058945e-01
4.771333333333333537e-01
4.754052631578947197e-01
4.677000000000000046e-01
4.711428571428571410e-01
4.612363636363636110e-01
3.173652173913043550e-01
3.012000000000000233e-01
3.753000000000000225e-01
3.466153846153846030e-01
3.198518518518518317e-01
2.871285714285714552e-01
2.827034482758620793e-01
2.587666666666666448e-01
2.334354838709677415e-01
2.184500000000000053e-01
2.090696969696969609e-01
2.109647058823529431e-01
2.049857142857142989e-01
1.964666666666666783e-01
1.966189189189189168e-01
1.939526315789473765e-01
2.015769230769230702e-01
2.038999999999999979e-01
2.144439024390243920e-01
2.302619047619047510e-01
2.447046511627906928e-01
2.582181818181817912e-01
2.683444444444444410e-01
2.731217391304348041e-01
2.927851063829787215e-01
3.004666666666666597e-01
3.096959183673469451e-01
3.125999999999999890e-01
3.291039215686274444e-01
3.279307692307692479e-01
3.376018867924528433e-01
3.343370370370370437e-01
3.374545454545454515e-01
3.484714285714285986e-01
3.484035087719298263e-01
3.592655172413792841e-01
3.616711864406779720e-01
3.677333333333333565e-01
3.770639344262294856e-01
3.791741935483871062e-01
3.810746031746031770e-01
3.791749999999999843e-01
3.851846153846154031e-01
3.936121212121211910e-01
3.923656716417910362e-01
4.004529411764705671e-01
3.992811594202898551e-01
4.016571428571428792e-01
4.028873239436619458e-01
3.987777777777777866e-01
4.130342465753424896e-01
4.140621621621621840e-01
4.162666666666666737e-01
4.251526315789473931e-01
4.089246753246753019e-01
4.084871794871794970e-01
4.088443037974683336e-01
4.182000000000000162e-01
4.134580246913580059e-01
4.137219512195122184e-01
4.179951807228915461e-01
4.176809523809523750e-01
4.192823529411764949e-01
4.276023255813953261e-01
4.315436781609195416e-01
4.246090909090909360e-01
4.201011235955056100e-01
4.270222222222222475e-01
4.275747252747252869e-01
4.316608695652173755e-01
4.290032258064516157e-01
4.373425531914893472e-01
4.322421052631578720e-01
4.360833333333333228e-01
4.382659793814432936e-01
4.370979591836734457e-01
4.510636363636363888e-01
4.462999999999999745e-01
4.522643564356435553e-01
4.471588235294117752e-01
4.501854368932038941e-01
4.482461538461538497e-01
4.475428571428571312e-01
4.482509433962263978e-01
4.537514018691588547e-01
4.615666666666666806e-01
4.576247706422018613e-01
4.594272727272727397e-01
4.669756756756756610e-01
4.644714285714285906e-01
4.593159292035398078e-01
4.673105263157894540e-01
4.598565217391304416e-01
4.515551724137931155e-01
4.566076923076923255e-01
4.538152542372881348e-01
4.557789915966386496e-01
4.522999999999999798e-01
4.655793388429751989e-01
4.599180327868852558e-01
4.635170731707317082e-01
4.501774193548387371e-01
4.550000000000000155e-01
4.611857142857143099e-01
4.465354330708661279e-01
4.511499999999999955e-01
4.430302325581395584e-01
4.475769230769230944e-01
4.438908396946564805e-01
4.328727272727272979e-01
4.200233082706766874e-01
4.243432835820895588e-01
4.088333333333333264e-01
4.108941176470587986e-01
4.013262773722627852e-01
4.093304347826087208e-01
4.122071942446043358e-01
3.948571428571428510e-01
4.013808510638298133e-01
4.171788732394366428e-01
4.031517482517482653e-01
3.966000000000000081e-01
4.040241379310344771e-01
3.737246575342465515e-01
3.890020408163265553e-01
3.660567567567567515e-01
3.497892617449664399e-01
3.513999999999999901e-01
2.844423841059602887e-01
6.120842105263157862e-01
6.195202614379085038e-01
8.441194805194804918e-01
nan
