5.521562370012399867e+01
5.577726049989654911e+01
5.590108891001053593e+01
5.628219646168258805e+01
5.519980193738477681e+01
5.583233349221693231e+01
5.512638923981376138e+01
5.621184034004434693e+01
5.622855411118153057e+01
5.517924345123050500e+01
5.570561374909112828e+01
5.571421520992088716e+01
5.625011170205292643e+01
5.591362448455969769e+01
5.593006553084116206e+01
5.540974166401134937e+01
5.591584020109417708e+01
5.501237826670067221e+01
5.579691297314772669e+01
5.552050920127622646e+01
5.562286402554963871e+01
5.625115309540829145e+01
5.535315081447483010e+01
5.507750881542658306e+01
5.514121287504232072e+01
5.616599563568780695e+01
5.566782051995028269e+01
5.545712104124373099e+01
5.597277789425199046e+01
5.603667947944575900e+01
5.554203618700636724e+01
5.635439597075310303e+01
5.640135438692527714e+01
5.530949516479948613e+01
5.594896384633943143e+01
5.614433265705409326e+01
5.639034498484938496e+01
5.644764527833407186e+01
5.572892872596624159e+01
5.562338747091151703e+01
5.622088898564167891e+01
5.649111003995389524e+01
5.622608586564881961e+01
5.611583861294261055e+01
5.636746152380514729e+01
5.513186855785532714e+01
5.656803868863077867e+01
5.501064599436618607e+01
5.584496347681033512e+01
5.530306724015540709e+01
5.514720268585752194e+01
5.603954463392710750e+01
5.554439224755482485e+01
5.522452657077388238e+01
5.548115043673654867e+01
5.576279668937524292e+01
5.617607334149549558e+01
5.539835767057517302e+01
5.531525620256287823e+01
5.572191250417660768e+01
5.606877479209438064e+01
5.529859146235786227e+01
5.595626323368276900e+01
5.546780002967798140e+01
5.634567372311928324e+01
5.513096407459843817e+01
5.607542770730447756e+01
5.561632923898775260e+01
5.503658185633135957e+01
5.591747882692305893e+01
5.505096847093115286e+01
5.535055324454646097e+01
5.512314736930304093e+01
5.553388626737841349e+01
5.535736110716364067e+01
5.505323445213844735e+01
5.576629645903037158e+01
5.608502048477016189e+01
5.500799815820057859e+01
5.602584499311067390e+01
5.560584528488156053e+01
5.531758090309031672e+01
5.628993398008120863e+01
5.633665800750426911e+01
5.622455728687633325e+01
5.583091508468307040e+01
5.539404014274657584e+01
5.546777171302128551e+01
5.510117382127180718e+01
5.569414421002971238e+01
5.606462944750205679e+01
5.545673650760875262e+01
5.550936667325545670e+01
5.630991763158039731e+01
6.065829731018485660e+01
5.562959280086301561e+01
5.600157658886676160e+01
5.581836517812484999e+01
5.639486624988728636e+01
5.536232438138490863e+01
5.604230311956077060e+01
5.507087423094609591e+01
5.591487061091532240e+01
5.521621652915358425e+01
5.556423456993784527e+01
5.515174069586382899e+01
5.603659470092731709e+01
5.509023188550386863e+01
5.609462520604338209e+01
5.673256778111762344e+01
5.527375433942488314e+01
5.550025846591075407e+01
5.607621665099441799e+01
5.576950073352136172e+01
5.550216781357263329e+01
5.632732057642072476e+01
5.610260154957004630e+01
5.511107196949753728e+01
5.643448504233853669e+01
5.564679379414177163e+01
5.631219625923697691e+01
5.562621178639840736e+01
5.611777141800318702e+01
5.633573157828058697e+01
5.577107654799645076e+01
5.552040155155260948e+01
5.530865795065662383e+01
5.585482449303920305e+01
5.536343017131294886e+01
5.623537985098804626e+01
5.593283625214076693e+01
5.631608288341560353e+01
5.552343404476960131e+01
5.564249443187571842e+01
5.548275958301824318e+01
5.549707044248565069e+01
5.559461425555568326e+01
5.632675800150546763e+01
5.535307923843595290e+01
5.554946941465909305e+01
5.562284408712973516e+01
5.547648435453612592e+01
