3.017949939142525295e+01
4.761243126593832642e+00
5.013085269530516541e+01
8.175855946278680619e+00
5.006745516284159692e+01
9.994508588342350563e+00
5.040291148374816999e+01
9.417832078033196552e+00
1.025717304897899140e+01
7.981102854997382146e+00
9.823763023013054152e+00
4.407433549117491189e+00
-1.349393518436438058e+02
1.368567113339211261e+01
1.443130444896301157e+01
3.223170799690986144e+01
1.774980657552680441e+01
1.225318273542333003e+01
-2.320680019096331981e-01
2.676095941309120541e+00
2.866710108639130539e+01
3.042291802406069934e+01
3.496064955414430386e+01
5.104830679959135864e+01
3.394434378487783022e+01
2.328766545497400031e+01
7.035911660386048538e+00
-4.468049549617380478e+01
2.553758549292098223e+01
2.691683763120872896e+01
1.095785135748352346e+00
9.065306419289777651e+00
-1.011252121133523058e-01
1.333985718401393683e+00
1.375087574240888344e+00
-4.210796944461844049e+01
1.657171724605350960e+01
2.758441833922780972e+01
2.086104174880953721e+01
3.393556497598668287e+00
2.443168264512744514e+01
-2.751132635898049017e+00
-1.591724907329608243e+02
-1.575431415248531550e+02
-1.589170778142183735e+02
-1.576374671886473209e+02
-1.546829227386195953e+02
-1.525046114279261360e+02
-1.655695606643181179e+02
-1.626842314981487050e+02
-1.616951069042216034e+02
-1.657525400964385653e+02
-1.609199503276383609e+02
-1.612254278114191095e+02
-1.550181225901414450e+02
-1.519738244654969890e+02
-1.566389217963730403e+02
-1.517608554191097312e+02
-1.538126993808143084e+02
-9.024114794903192660e+01
-1.519593761794139937e+02
-1.540467472221207288e+02
-1.603228369200643328e+02
-1.609242918800533459e+02
-1.904500483468979866e+01
-1.558694403444251293e+02
-1.616058554296874377e+02
-1.520767808303873494e+02
-1.556937546292037098e+02
-1.514873214210913943e+02
-1.604468225855147239e+02
-1.585152817764594602e+02
