nan
nan
nan
nan
nan
6.573198608323351788e-01
8.642223639531456669e-01
7.409303177705570675e-01
7.569827898280540035e-01
9.198087558090428661e-01
8.344123806337044869e-01
9.142527066420611526e-01
7.777586935403674184e-01
6.447240768047717285e-01
9.075739411228929132e-01
8.554076282736032821e-01
7.219396793830319403e-01
6.401683408823993782e-01
6.442594967991084332e-01
6.387054515005134991e-01
5.599317358287516644e-01
4.753521790338997022e-01
5.153316559653086104e-01
3.531947975007846408e-01
4.066765399412783921e-01
9.569745273901086868e-03
3.356572469538243730e-02
2.688286278204243818e-02
5.964853624523924758e-02
1.211192562048089005e-01
1.674644981285068335e-01
2.092897953245315135e-01
1.499801907767781550e-01
1.696547255106364283e-01
2.390342381745750311e-01
3.871823947782842001e-01
6.206530316544229819e-01
4.846937411329838019e-01
4.481135881668660836e-01
3.380893201627074296e-01
3.479975059885752620e-01
4.324440663994064682e-01
5.075503314700982038e-01
3.890032518387498417e-01
6.581547106554666016e-01
6.499223617898437499e-01
1.574050160426709866e-01
1.550677650076048852e-01
2.300349661435094895e-01
2.211363114050549639e-01
1.152968167251444687e-01
1.123523039546688862e-01
1.277193488291183954e-01
1.336854285076610749e-01
8.018957796073400424e-02
1.118973105515960187e-01
8.709071416847657954e-02
8.355468812214283947e-02
1.471136230684380042e-01
1.963863186063043997e-01
2.440611700353485514e-01
2.630536016925388854e-01
1.584732133545310173e-01
2.353359996287927025e-01
2.296036263669705146e-01
1.653661307597144026e-01
5.458430148313553332e-02
6.826954359856440835e-02
6.166883758942043325e-02
6.701703233374090019e-02
2.437029361452736076e-02
2.806961533720508939e-02
2.714753095827127094e-02
3.200782359258369514e-02
4.605150268724433893e-02
5.304754014488077818e-02
2.196225833088805146e-02
1.057539552014152839e-02
1.058330648257665985e-02
2.066447148915795395e-03
4.061754414894203080e-03
2.390510884867302899e-03
1.052114197590658939e-03
4.797593457581683651e-04
2.677153228712869648e-04
5.281975613835587779e-04
4.950558668805893348e-04
3.565186289840038825e-04
7.112910837444585965e-04
3.020203521854059048e-04
1.445709846004672450e-03
7.251517675964658238e-04
1.364865534843162642e-03
1.204879418750914866e-03
5.311974828816623528e-04
5.819506314319600193e-05
1.379684668789682433e-05
2.490717748715454150e-05
1.472185784523460939e-05
2.011295195591955576e-05
1.236355098854780010e-05
3.651424478445797206e-05
3.383201491558018859e-05
3.412901134869361641e-05
3.331209434542792280e-05
5.146468395911263372e-05
3.638287166962683727e-05
1.190195577901453916e-04
1.174192985365918318e-04
6.641110090055413195e-05
6.482651892925073156e-05
8.285932833140829956e-05
1.091302612572508934e-04
9.924741032174555500e-05
1.182751011835625476e-04
3.738451965926703480e-04
1.656302321375591191e-04
1.334551298598496416e-04
1.904775439910411095e-04
5.412432363214314535e-04
2.222281816701698887e-04
2.296355675578398703e-04
3.217666384791595391e-04
1.663675583916113254e-04
2.069114610903088902e-04
4.339974487026498906e-04
8.368580080553300604e-05
1.905712585580365825e-04
2.171734295679517146e-04
4.233872420940087977e-04
2.693844360762698287e-04
1.910448813372545018e-04
6.523178907356097511e-04
4.891605768171380930e-04
3.589207586497389357e-04
1.246675679769104761e-04
1.822053650718524764e-04
4.502602927299870217e-04
4.435363174447592982e-04
4.558674484391733728e-04
5.742907690061693771e-04
1.346899528089640086e-04
3.658700491315780567e-05
5.822012892198191736e-05
1.625113948744427717e-06
nan
