3.156253369240038964e+01
1.591406684915615521e+01
3.092455985590222411e+01
1.258646501979031207e+01
1.452526954719479946e+01
3.537562482251804852e+01
2.464245948622634330e+01
1.937967503173989670e+01
1.245017983965758646e+01
3.134640148590290920e+01
1.191265592967882192e+01
2.339056049101394308e+01
3.549725030651870128e+01
-1.065340214264864471e+00
3.362043997224559178e+01
8.089162322755882428e+00
2.838265728686183920e+01
1.483779090856064187e+01
2.929635658915773888e+01
2.972102615936147885e+01
2.379255554317668953e+01
3.633331426104564343e+01
2.898437388854716090e+01
6.670786837766756072e+00
3.272361776800280353e+01
1.384485388037895959e+01
1.026808617858770845e+01
3.421189968675820836e+01
3.209878443768207035e+01
1.787316539267134630e+01
7.521758081475815594e+00
1.554058828028136929e+01
3.110717639693003989e+01
2.943581694013300876e+01
3.632482290851343976e+01
3.325897007468444144e+01
3.627183895999689156e+01
3.599763963534699940e+01
1.746317804203253488e+01
3.477680904855319000e+01
1.412862450101505907e+00
3.464404248118723473e+01
2.224375581529056944e+01
1.690544122810442573e+01
2.589348347146121299e+01
1.946057292408961104e+01
2.120360674940945955e+01
3.442751269641142642e+01
3.231117859295339656e+01
1.638232066033356205e+01
2.156079102803095537e+01
1.808029852063078735e+01
3.551166850222432458e+01
2.522290856908082546e+01
