-6.687798051211538919e+00
-1.042186510842814684e+01
-1.974839992824689361e+01
-1.256796911292368790e+01
-2.319586942037679123e+00
-1.685028386959622893e+01
-1.006879538335336832e+01
-3.062104779032752688e+00
-1.955160464450700530e+01
-4.235623481939963852e+00
-7.092162364488935111e+00
-3.079567791800799981e+00
-7.785611614985992190e+00
-2.759085271577996323e+00
-1.062587151112207806e+01
-1.760631525276045650e+01
-1.217770436266369316e+01
-3.855746112266139392e+00
-3.651667702141571326e+00
-1.806506703376912526e+01
-1.661623877248468517e+01
-5.938552832758720257e+00
-1.134842336713201405e+01
-4.224931088451132410e+00
-4.565112805179236233e+00
-1.135127624064280027e+01
-4.661536591821271003e+00
-3.733936069188372286e+00
-3.129859132145803358e+00
-5.838607313969571777e+00
-3.905968099817926031e+00
-1.228179977678941270e+01
-1.013832013216605077e+01
-3.018082440059068006e+00
-3.516434537734031807e+00
-5.089436357974889802e+00
-6.949066267773709171e+00
-4.410633915873376054e+00
-4.333887938443877985e+00
-3.075000005647247292e+00
-4.002760648592166959e+00
-2.729129873662401451e+00
-4.687602308690781427e+00
-3.988563076827894349e+00
-7.081710541458804187e+00
-6.339570121530112345e+00
-1.675465371735130660e+01
-1.614134212578523275e+01
-2.097710320092417291e+01
-1.326326296892692724e+01
-1.993119870339040389e+01
-2.772689391965435846e+00
-3.300249250772605336e+00
-2.853080552013938842e+00
-4.877834404139434810e+00
-5.572256906236891183e+00
-7.073551704639827520e+00
-5.502678530192497419e-01
-3.019619044633103044e+00
-3.407964854430758805e+00
-4.970120888066269060e+00
-1.693928057307606494e+01
-1.527728942756136732e+01
-9.864237307889588635e+00
-1.152350625155058239e+01
-1.385384376196438794e+01
-4.849156568889631203e+00
-2.580997221427852040e+00
-6.925081894563016149e+00
-5.557319295182473695e+00
-1.208987617125370306e+01
-8.941627819667282040e+00
-1.638005931927482095e+01
-1.479640881801510588e+01
-1.714926824022290930e+01
-5.576232887026797869e+00
-2.859648220273108166e+00
-3.019104430429374375e+00
-1.479747158257065465e+01
-6.698863323474469667e+00
-5.844744978126717783e+00
-3.015951141656415757e+00
-5.203546574231632249e+00
-2.099014178723868440e+01
-1.452837347214802932e+01
-1.602274455227361116e+01
-1.193399638846782906e+01
-1.819094037201735148e+01
-1.303966404251930200e+01
-3.290550554987182963e+00
-1.762927151634591283e+01
-4.962411665571293540e+00
-3.207567470232246976e+00
-1.709521616013445211e+01
-8.228405032862358581e+00
-4.526435773420992348e+00
-4.057586189975818769e+00
-3.102223120074270923e+00
-2.567413731292845114e+00
-9.358696739225507599e+00
-7.497520402550374996e+00
-4.474424682177218671e+00
-4.240663689842728346e+00
-2.796137236349139243e+00
-3.401331518783619501e+00
-3.714965176315425666e+00
-1.179858182787092247e+01
-3.156524931718992732e+00
-3.425503349804035480e+00
-4.536324376082642829e+00
-5.444802509044119887e+00
-9.499654155223417717e+00
-1.616309846189922439e+01
-3.034218829982197718e+00
-6.426129345936374193e+00
-1.666859403103637050e+01
-1.184042302061046925e+01
-1.166545392160194439e+01
-3.422234013848015621e+00
-3.236680328616760249e+00
-5.180220643582035933e+00
-1.480007356439777411e+01
-6.190467123243447389e+00
-6.019050114408440066e+00
-7.996514631427526609e+00
-1.382558492522484528e+01
-6.527038064888561308e+00
-2.954212357015624235e+00
-5.150148540542540232e+00
-3.368450797322743995e+00
-5.272461145189563325e+00
-5.334775090905477413e+00
-1.149435755184956420e+01
-1.376429088887063301e+01
