nan
nan
nan
nan
nan
6.421999999999999931e-01
6.529333333333333655e-01
6.589428571428571635e-01
5.211000000000000076e-01
4.328888888888888786e-01
4.408000000000000251e-01
3.950909090909091037e-01
3.862666666666666471e-01
3.932769230769230795e-01
3.648714285714285688e-01
3.579333333333333256e-01
3.395000000000000240e-01
3.217764705882352749e-01
3.257444444444444476e-01
2.988684210526315610e-01
3.069000000000000061e-01
2.922809523809523635e-01
2.694454545454545435e-01
2.560217391304348000e-01
2.548333333333333561e-01
2.300000000000000100e-01
2.292384615384615298e-01
2.320629629629629709e-01
2.227857142857142814e-01
2.230172413793103381e-01
2.141666666666666718e-01
2.047419354838709571e-01
1.825499999999999901e-01
1.746969696969696839e-01
1.793882352941176539e-01
1.715285714285714191e-01
1.879888888888888998e-01
1.616108108108108010e-01
1.420736842105263242e-01
1.444128205128205056e-01
1.552999999999999936e-01
1.810073170731707204e-01
1.629047619047619133e-01
1.973860465116279161e-01
1.851727272727272666e-01
1.768111111111111133e-01
1.716521739130434654e-01
1.629510638297872460e-01
1.565666666666666595e-01
1.544612244897959064e-01
1.497999999999999887e-01
1.432431372549019533e-01
1.440846153846153943e-01
1.645735849056603750e-01
1.498925925925926050e-01
1.483181818181818212e-01
1.475285714285714256e-01
1.440596491228070264e-01
1.571241379310344966e-01
1.531728813559322111e-01
1.495333333333333237e-01
1.493901639344262233e-01
1.493290322580645146e-01
1.524365079365079256e-01
1.622999999999999998e-01
1.644076923076923102e-01
1.520484848484848495e-01
1.533119402985074764e-01
1.494882352941176440e-01
1.606681159420289828e-01
1.506428571428571339e-01
1.678042253521126737e-01
1.582444444444444376e-01
1.595561643835616550e-01
1.436324324324324275e-01
1.480666666666666798e-01
1.529526315789473678e-01
1.686844155844155757e-01
1.619564102564102492e-01
1.696632911392405019e-01
1.968000000000000027e-01
1.960493827160493807e-01
2.061170731707317183e-01
2.003951807228915583e-01
1.974761904761904718e-01
1.922529411764705987e-01
1.809186046511628010e-01
1.899666666666666726e-01
1.825909090909090815e-01
1.913853932584269613e-01
1.797444444444444567e-01
1.906626373626373605e-01
1.931347826086956543e-01
1.845559139784946345e-01
2.112212765957446892e-01
1.962263157894736931e-01
2.012333333333333196e-01
1.895381443298969071e-01
1.949367346938775392e-01
1.814585858585858469e-01
1.796999999999999986e-01
1.802574257425742510e-01
1.849274509803921496e-01
1.876067961165048537e-01
1.778923076923076829e-01
1.847809523809523791e-01
1.760698113207547211e-01
1.778560747663551489e-01
1.747370370370370241e-01
1.759100917431192790e-01
1.838727272727272710e-01
1.791225225225225315e-01
1.797714285714285820e-01
1.743743362831858545e-01
1.812719298245613897e-01
2.029478260869565232e-01
1.892000000000000071e-01
1.939145299145299262e-01
1.928254237288135609e-01
1.923084033613445265e-01
1.875333333333333297e-01
1.903388429752066180e-01
1.897098360655737614e-01
1.918650406504064931e-01
1.923999999999999877e-01
1.862999999999999934e-01
1.878634920634920658e-01
1.809889763779527483e-01
1.701749999999999929e-01
1.727240310077519381e-01
1.594538461538461405e-01
1.617824427480916150e-01
1.592969696969696869e-01
1.632654135338345858e-01
1.688865671641791022e-01
1.575592592592592600e-01
1.612823529411764600e-01
1.506576642335766547e-01
1.579753623188405731e-01
1.532661870503597146e-01
1.488571428571428545e-01
1.558475177304964598e-01
1.488507042253521262e-01
1.466664335664335794e-01
1.513444444444444481e-01
1.604793103448275970e-01
1.649575342465753325e-01
nan
