1.341998580250310980e+01
1.228873446521539137e+01
1.562012322109272056e+01
7.384440884563596263e+00
3.253317772248878725e+01
2.609438389433962158e+01
1.995538841399390151e+01
8.657796951160097620e+00
2.124927081615394897e+01
1.380877148622290207e+01
5.752441056913671247e+00
6.831275980692296024e+00
7.041818666783128400e+00
2.551860439775166256e+01
3.527857664278580785e+01
3.108679106510813739e+01
3.434209031015831215e+01
4.037332186634632336e+01
3.339506160712098648e+01
3.451082889265940423e+01
3.247174445073625293e+01
3.389390889998635714e+01
8.444001655585473998e+00
1.986712886936032163e+01
3.575043424922529312e+01
-2.100412678562738051e+02
3.792603468593281946e+01
3.307815013375048352e+01
3.348016413046929074e+01
1.129109940384318378e+01
5.621778781585490492e+00
6.372650722209071361e+00
6.873101229700418813e+00
1.893791675141055109e+01
2.621208399222588881e+01
3.324064896368680877e+01
4.884936027656164192e+00
6.155224111756112393e+00
6.530420396655652659e+00
3.626210203832073820e+00
5.036568254431639247e+00
7.806290159119195771e+00
4.033959840500754268e+01
3.483257112251962440e+01
4.056992967143401074e+01
1.605997575088375839e+01
-6.041345570608302751e+01
1.998485766966672372e+01
1.315292988566500831e+01
1.093461726140925627e+01
4.526501295514869128e+00
1.470728510674509160e+01
1.609894817902677389e+01
1.836013402453134091e+01
2.197924149289388396e+01
3.454706413478488258e+01
3.699676845905340627e+01
2.389498420760066466e+01
1.394871767932865936e+01
4.156901340752240159e+00
1.460434102727056604e+01
2.857900890959933449e+01
3.339436510114232703e+01
3.580700204966048261e+01
-1.315027250451699103e-01
-1.559897161229319096e+00
-2.193208942344565315e+00
4.007830338378248314e+01
-3.375322842300381154e+00
3.211992657827001096e+01
2.937111883814102242e+01
1.368099586013892477e+01
7.450498824859453251e+00
7.759083898069179419e+00
-7.446611969088132810e+01
5.485166337922009916e+00
7.497999063503289818e+00
8.925755672046573608e+00
7.806281177755852951e+00
1.503513519218135386e+01
2.902209909553756262e+01
-1.799074131738631266e+01
3.108649973430703994e+01
-1.798545596853642792e+01
-1.942977121061507972e+01
8.969312596869043475e+00
3.441978125924283205e+01
2.723214517033426318e+01
1.132171049038600330e+01
3.121412521598979950e+01
-1.167998198518085786e+02
3.265045992258738039e+01
3.488033228554542120e+01
2.266924275749304840e+01
1.283982930150972379e+01
5.226962792821773895e+00
3.243706473291642567e+01
1.806632036163000166e+01
1.810248845825850239e+01
1.485392126108411226e+01
2.108303736745610735e+01
5.883970660360493099e+00
5.786012385777355327e+00
9.849252687928139238e+00
9.602656815404419177e+00
8.034612543661753037e+00
1.911662121769926870e+01
2.430125414487469726e+01
3.810210620237599244e+01
1.649212092478648728e+01
-8.228923864708490044e+01
2.478351241895365575e+01
1.853728790507741309e+01
2.542086366001694131e+01
2.664909934263898350e+01
2.162579381060719541e+01
1.001554061876866086e+01
1.312812118485815382e+01
1.296794610189595076e+01
1.928954082466612974e+01
2.743290593194141280e+01
9.859845934866864781e+00
1.000199790630112773e+01
3.183959897773252834e+01
3.912153294382071778e+01
3.107768253318305440e+01
3.726613201614667048e+01
3.817757200073944546e+01
3.601882569484646979e+01
1.572543462688250848e+01
1.600009523099380004e+01
9.437334589524448702e+00
3.394146905385391477e+01
2.406842224716919532e+01
3.554241765551246601e+01
3.706850213695018681e+01
