nan
nan
nan
nan
nan
8.735692375456327596e-01
8.731218487688233720e-01
7.904324750092062146e-04
8.662037781069775733e-04
2.709477188260311920e-03
9.541781603002008616e-03
2.705604874358458201e-02
5.686719866712475202e-02
8.283647487258882780e-02
9.580458367353583693e-02
3.352462640074216349e-02
9.851032601469467131e-03
3.331426759843769680e-03
1.156003017776074948e-03
2.790681916848836153e-04
4.084659513403643416e-04
2.916840793556141342e-03
1.866448736390080576e-03
1.357038319926617831e-03
8.912541366035142687e-04
5.726571244667466587e-04
1.100543869523296081e-03
1.261683505296429253e-03
1.188234199722248974e-03
1.357066143311991269e-03
1.497935108616621491e-03
1.452633371304190568e-03
1.689907823947067733e-03
8.087998834009901827e-04
7.541918736775343746e-05
2.687416207902693088e-06
4.240992324433534577e-06
4.745976694309206323e-06
6.689477551558020707e-06
1.755613680654022346e-05
1.237627885630754321e-05
4.980392363496122243e-05
3.303299643619972414e-05
4.858207651470269894e-05
1.412342423294798976e-04
5.176756655311809396e-05
1.010032412747108310e-04
7.649604407966581476e-05
1.164678338559932413e-04
1.069414621878150840e-04
1.689956082482346744e-04
3.726745964288680213e-04
2.843655077513496110e-04
1.039115250212718777e-03
6.769967610353866405e-04
1.106892642975365604e-03
2.886749871021776492e-03
2.239497597113282445e-03
2.543949255815247668e-03
4.811094962119177865e-03
7.440989397592523424e-03
5.835101489455762902e-03
1.635411782947882031e-02
9.339275154647941335e-03
1.246884881532683842e-02
1.415339152076278140e-02
1.880142912583504522e-02
3.179916674221638928e-02
3.903194833696932431e-02
6.453500309890314313e-02
4.028333976730513744e-02
5.036113527312802152e-02
4.702041734593509492e-02
4.478009531667581644e-02
3.795933865403788854e-02
1.796657746363805597e-02
1.033341215512662004e-02
1.103917684702115931e-02
5.989987456977541314e-03
8.190668087979302570e-03
7.356642047329886580e-03
3.989653224707234713e-03
2.516039290763272263e-03
2.492679291639765538e-03
9.131374513933199211e-04
7.586727426840411681e-04
6.219617632533536167e-04
5.947652466296027285e-04
2.716945936018788643e-04
3.532964582532160946e-04
1.340680189478860029e-04
7.005545253435663255e-05
4.989535237964748404e-05
6.824779925007629089e-05
7.706191207934587339e-05
2.196590407277376755e-05
4.463390185127646959e-05
9.592258986945711996e-05
1.904020051002319747e-04
5.553059868612653105e-05
6.590290810559729096e-05
1.121624040536506328e-04
3.433302899424894861e-05
2.871696840689441643e-05
1.694183157019413244e-05
7.053263544554155828e-06
1.135262198992403881e-05
4.366388879462057560e-06
1.695221575337413356e-06
1.553548575339291915e-06
8.021074656694437977e-07
1.592250241877479766e-06
1.453663833972385078e-06
1.259664189956488656e-06
2.381906709869596739e-06
2.432666789309312350e-05
1.384828901440648963e-05
2.515635283029116209e-05
1.700423896822123027e-05
4.100812562413125306e-06
6.404933794668110636e-06
1.854887788621528699e-05
3.169994864271608037e-06
1.786637117273670583e-05
7.360600813188789004e-06
1.197320630130782604e-05
1.921400713977838848e-06
1.627919818081302594e-05
9.865906351547160114e-05
3.790812238717577998e-04
5.432765673477613078e-04
1.638674794822492231e-03
1.472788420790127617e-03
2.757830340194278307e-05
0.000000000000000000e+00
nan
