5.701631751344506949e-01
7.158145233496565618e-01
6.330126952434010912e-01
6.697687709957063085e-01
7.327371666175599429e-01
6.351792194886275444e-01
7.967098123083269368e-01
6.524404952293662019e-01
5.355198526825597494e-01
7.066950399757365719e-01
1.424298058192887240e+00
6.416020344686103050e-01
4.995780108026656174e-01
6.314991879682816389e-01
6.151860301045372070e-01
5.264030677812979730e-01
7.175319614633304255e-01
2.683960237001244753e+00
6.256191822040614303e-01
6.262337117449510160e-01
7.710138786208858841e-01
6.461625824613088653e-01
5.870701493791465886e-01
7.279834743755076998e-01
8.528599296717338518e+00
1.362613521633700309e+00
6.767586546857796703e-01
6.027545415144163199e-01
5.814053503790591604e-01
6.717095958371896991e-01
6.190972811896540140e-01
1.323366060148559953e+00
5.957363234792342199e-01
7.010748437678853140e-01
4.708846788113874027e-01
1.066970359270828839e+00
6.335062249032512582e-01
6.373011117722876540e-01
6.827264170879016048e-01
6.230994731479723159e-01
6.836323651879320229e-01
6.396068541532372587e-01
6.599056123824061926e-01
7.250026800524937975e-01
2.292764339555328768e+00
2.454789264443093089e+00
7.168691715689078370e-01
6.243113521231703489e-01
7.073877754069780588e-01
1.050104722920186751e+00
7.586306522679933106e-01
3.225107362218750495e+00
5.724471515484720330e-01
6.380885468077985845e-01
