nan
nan
nan
nan
nan
2.307125760219330690e-01
4.166453241070711133e-01
6.924910233971266482e-01
3.490955781226556809e-01
5.820431446335920800e-01
6.932755679076691990e-01
5.092775072738091602e-01
7.541168115906102809e-01
6.614480642285640588e-01
3.627586199918806376e-01
2.846217668495838460e-01
1.319318936725619729e-01
2.316619827144923427e-01
4.116535949892194957e-01
4.794548028518411664e-01
3.098424418056201501e-01
4.887913702532185045e-01
6.037819198862657277e-01
7.491650407876162543e-01
7.434890607155331121e-01
6.654382092814925542e-01
5.239017787128661396e-01
4.614345128964191245e-01
2.715768374725330281e-01
2.068528963891730355e-01
1.699480662844320422e-01
1.315262577140882128e-01
8.381051118297899727e-02
3.072110622971713223e-02
2.174925452209286458e-02
9.336105293357932489e-03
6.922104577157361938e-03
5.003985980313041537e-03
2.326266584754099753e-03
7.242637626976300425e-04
6.108385626556467329e-04
4.324328819370615307e-04
1.547614963987031800e-04
3.759723792018387911e-05
3.958277255933229100e-05
2.220436525179891873e-05
5.096823140759987325e-06
3.802928959406592924e-06
1.926657656081687264e-06
1.058837879375218449e-06
8.179111466999344771e-07
8.493793184349840431e-07
5.188676506229228380e-07
nan
