7.275697901516196137e-03
1.455258411621684943e-03
2.121508204399901940e-02
-1.755435851637230510e-02
-2.626055792663009938e-02
-1.366160495006681769e-02
4.387979378929571933e-02
1.084302799149668324e-02
1.092022554985192136e-02
1.042844610108602417e-02
-9.420009820098585417e-04
8.083473970987370416e-02
-2.179799705150287439e-02
-5.447321069407849020e-03
-1.344926428600388231e-03
2.224504170001750936e-03
-2.492638858552709215e-04
1.299682809160003678e-02
1.758435548921966074e-02
-3.034114629158921050e-02
-1.117769908442539824e-02
-3.896045579839665235e-02
2.055723856928409407e-02
4.037453358405571069e-02
-4.583738139969568449e-03
7.886501500597546677e-02
-2.852047550211182086e-02
1.092877072389285276e-02
-1.841995749959380799e-02
-1.401392242556710223e-02
-5.763884330293422148e-02
-6.543527038745651156e-03
-5.569810421854981194e-03
-2.690688120566676542e-02
3.703451164397506424e-03
1.896875969375741910e-03
-3.890036816314761808e-02
4.449967498513274222e-02
1.124858674561267022e-02
2.074836815152082334e-02
-2.126788447890476039e-02
-1.531937568831608608e-02
-3.071440831614268008e-02
1.777603515959071904e-03
-2.160942297894166697e-02
-6.999838668280744525e-02
1.041499093080347016e-03
-3.295017337812282832e-03
2.750151945418565294e-02
-2.815225152622417848e-02
-4.755098073698036526e-03
1.736202914697634048e-01
7.514003830746105589e-03
-5.196559556485908643e-02
