2.166666666666666741e-01
5.999999999999999778e-01
9.666666666666666741e-01
1.283333333333333437e+00
1.683333333333333348e+00
1.949999999999999956e+00
2.350000000000000089e+00
2.700000000000000178e+00
3.000000000000000000e+00
3.299999999999999822e+00
3.716666666666666785e+00
4.083333333333333037e+00
4.400000000000000355e+00
4.616666666666666252e+00
4.983333333333333393e+00
5.366666666666666252e+00
5.700000000000000178e+00
6.016666666666666607e+00
6.333333333333333037e+00
6.683333333333333570e+00
7.150000000000000355e+00
7.483333333333333393e+00
7.866666666666666252e+00
8.216666666666666785e+00
8.583333333333333925e+00
8.983333333333332504e+00
9.349999999999999645e+00
9.550000000000000711e+00
9.933333333333333570e+00
1.019999999999999929e+01
1.056666666666666643e+01
1.093333333333333357e+01
1.128333333333333321e+01
1.158333333333333393e+01
1.186666666666666714e+01
1.231666666666666643e+01
1.263333333333333286e+01
1.301666666666666750e+01
1.334999999999999964e+01
1.369999999999999929e+01
1.406666666666666643e+01
1.438333333333333286e+01
1.475000000000000000e+01
1.505000000000000071e+01
1.541666666666666607e+01
1.590000000000000036e+01
1.628333333333333499e+01
1.646666666666666501e+01
1.686666666666666714e+01
1.718333333333333357e+01
1.746666666666666501e+01
1.776666666666666572e+01
1.816666666666666785e+01
1.846666666666666501e+01
1.894999999999999929e+01
1.948333333333333428e+01
1.988333333333333286e+01
2.018333333333333357e+01
2.051666666666666572e+01
2.073333333333333428e+01
2.110000000000000142e+01
2.139999999999999858e+01
2.180000000000000071e+01
2.206666666666666643e+01
2.248333333333333428e+01
2.281666666666666643e+01
2.318333333333333357e+01
2.360000000000000142e+01
2.393333333333333357e+01
2.421666666666666501e+01
2.451666666666666572e+01
2.488333333333333286e+01
2.519999999999999929e+01
2.548333333333333428e+01
2.583333333333333215e+01
2.619999999999999929e+01
2.663333333333333286e+01
2.708333333333333215e+01
2.743333333333333357e+01
2.783333333333333215e+01
2.818333333333333357e+01
2.848333333333333428e+01
2.883333333333333215e+01
2.905000000000000071e+01
2.928333333333333499e+01
2.966666666666666785e+01
2.996666666666666501e+01
3.038333333333333286e+01
3.068333333333333357e+01
3.106666666666666643e+01
3.128333333333333499e+01
3.161666666666666714e+01
3.194999999999999929e+01
3.228333333333333144e+01
3.258333333333333570e+01
3.296666666666666856e+01
3.329999999999999716e+01
3.361666666666666714e+01
3.376666666666666572e+01
3.403333333333333144e+01
3.441666666666666430e+01
3.470000000000000284e+01
3.514999999999999858e+01
3.548333333333333428e+01
3.566666666666666430e+01
3.595000000000000284e+01
3.635000000000000142e+01
3.668333333333333002e+01
3.721666666666666856e+01
3.758333333333333570e+01
3.795000000000000284e+01
3.826666666666666572e+01
3.851666666666666572e+01
3.896666666666666856e+01
3.921666666666666856e+01
3.956666666666666998e+01
3.993333333333333002e+01
4.035000000000000142e+01
4.071666666666666856e+01
4.103333333333333144e+01
4.133333333333333570e+01
4.156666666666666998e+01
4.198333333333333428e+01
4.226666666666666572e+01
4.253333333333333144e+01
4.300000000000000000e+01
4.326666666666666572e+01
4.363333333333333286e+01
4.404999999999999716e+01
