nan
nan
nan
nan
nan
4.195999999999999730e-01
4.088999999999999857e-01
3.526000000000000245e-01
3.514999999999999791e-01
3.100999999999999868e-01
3.184000000000000163e-01
3.073000000000000176e-01
2.883999999999999897e-01
2.974846153846154029e-01
3.098571428571428310e-01
3.365666666666666806e-01
3.221999999999999864e-01
3.074823529411764844e-01
3.237222222222222445e-01
3.270421052631579117e-01
2.348000000000000087e-01
2.003047619047619021e-01
2.094272727272727397e-01
2.261086956521739244e-01
2.120666666666666533e-01
1.890999999999999903e-01
1.651923076923076938e-01
1.701148148148148020e-01
1.686857142857142722e-01
1.688551724137931087e-01
1.952666666666666717e-01
2.009612903225806435e-01
1.852000000000000035e-01
1.703606060606060735e-01
1.719352941176470473e-01
1.542285714285714371e-01
1.566555555555555479e-01
1.356405405405405329e-01
1.456157894736841985e-01
1.324205128205128146e-01
1.242000000000000048e-01
1.142048780487804893e-01
1.428904761904761789e-01
1.478162790697674367e-01
1.696454545454545437e-01
1.572333333333333361e-01
1.622434782608695725e-01
1.949170212765957422e-01
1.948999999999999899e-01
2.353428571428571314e-01
2.919999999999999818e-01
3.000294117647058778e-01
3.089923076923076772e-01
3.176528301886792360e-01
3.343777777777777738e-01
3.349363636363636432e-01
3.215000000000000080e-01
3.132421052631578773e-01
3.116379310344827847e-01
3.124644067796610303e-01
2.987000000000000210e-01
3.063245901639344293e-01
2.959193548387096806e-01
2.914666666666666517e-01
2.878499999999999948e-01
2.967538461538461458e-01
2.835636363636363511e-01
2.897656716417910672e-01
2.744470588235294328e-01
2.884956521739130419e-01
2.834999999999999742e-01
2.653492957746478864e-01
2.728333333333333166e-01
2.661424657534246507e-01
2.623675675675675723e-01
2.590000000000000080e-01
2.569315789473683997e-01
2.590545454545454818e-01
2.494615384615384568e-01
2.481455696202531647e-01
2.424000000000000044e-01
2.451185185185185134e-01
2.470951219512195207e-01
2.396240963855421624e-01
2.389999999999999902e-01
2.356176470588235428e-01
2.278720930232558117e-01
2.286586206896551732e-01
2.317727272727272692e-01
2.228101123595505606e-01
2.228666666666666574e-01
2.214384615384615285e-01
2.167217391304347707e-01
2.113129032258064532e-01
2.199085106382978605e-01
2.192052631578947364e-01
2.127999999999999892e-01
2.095896907216494853e-01
2.060714285714285721e-01
2.105424242424242531e-01
2.054999999999999882e-01
2.092415841584158442e-01
2.101647058823529479e-01
2.133669902912621319e-01
2.041461538461538383e-01
2.056000000000000050e-01
2.016264150943396227e-01
2.028233644859813167e-01
1.976888888888888862e-01
1.981211009174311810e-01
1.950181818181818127e-01
1.979783783783783668e-01
1.927999999999999992e-01
1.919814159292035360e-01
1.872210526315789547e-01
1.875173913043478302e-01
1.802689655172413918e-01
1.746743589743589842e-01
1.771322033898305170e-01
1.777411764705882358e-01
1.729999999999999871e-01
1.697074380165289331e-01
1.663622950819672042e-01
1.696634146341463312e-01
1.654096774193548336e-01
1.680000000000000104e-01
1.702333333333333198e-01
1.653086614173228386e-01
1.629249999999999865e-01
1.686813953488372209e-01
1.651769230769230823e-01
1.702106870229007640e-01
1.748818181818181938e-01
nan
