1.131779513572794826e+00
3.801721125877357110e+01
3.004391877451671178e+01
9.970484914472236282e-01
2.485296356869609014e+01
5.254470107585738958e+00
2.541357820531152356e+01
3.087228456295753176e+01
3.335089924905174996e+01
2.205560795190756096e+01
1.731824594217420099e+01
3.764103439087691072e+01
1.764374590702059820e+01
1.454066722290326474e+01
1.305663876568171133e+01
3.147336659936380698e+01
3.573074562803326160e+01
2.114588577967950300e+00
1.967815849504282255e+01
2.287483881202436109e+01
3.467076823871644820e+01
3.562939726138480268e+01
3.668267974826537170e+01
3.446522049449320235e+01
3.639699883924451740e+01
3.814864105168188502e+01
1.924144523200823897e+01
1.927461281812514571e+01
1.887976723392896972e+01
8.041673790737974059e+00
1.598468327082945528e+01
2.899858652169609741e+01
2.041254551051726551e+01
3.900523809097789751e+01
3.450262569995851436e+01
3.505119360153256025e+01
3.233323235173556043e+01
3.745754438477485593e+01
3.027544913344153343e+01
6.914790518605690828e+00
1.730132950332333763e+01
3.329735984433046525e+01
2.984787745011579929e+01
5.894881277757262339e-01
5.235263179440146963e+00
3.633308566068544820e+01
8.434497148104707520e+00
2.228145416507635446e+01
1.849716946902413639e+01
1.167801113768233634e+01
3.070587268545867232e+01
1.194535800735340203e+01
3.607161982699879132e+01
1.234783018508922225e+01
1.064892584262412711e+01
1.015052681480147356e+01
3.817489813816303723e+01
3.354869281509942169e+01
2.836691769543966757e+01
3.192989942323420749e+01
1.510119936263165563e+01
1.753336641400789020e+01
2.672329142149460779e+01
8.472901543782048961e+00
1.389367501642736435e+01
3.808344825620472829e+00
3.716400456914404771e+01
3.625190693159645150e+01
5.638622290703857232e+00
8.228248905558018578e+00
1.235488225552300712e+01
5.275648756044600596e+00
1.490051777780297115e+01
3.872074435652439206e+01
3.284969228192700541e+01
7.515129536809523003e+00
3.231611363441805906e+01
1.998611785284058229e+01
2.478781340308603021e+01
3.817543400485661920e+01
2.433739736368269746e+01
2.371107828327541966e+00
3.475040366541422543e+01
1.880253799524002289e+01
2.568938474538718708e+00
3.195441641102916464e+01
2.622342680016509675e+01
1.764151303678242044e+01
8.197186166595946233e+00
3.615936158039427806e+00
3.014602052938150933e+01
2.356761308078302264e+01
1.632487596339335933e+00
2.326438572752668676e+01
1.152675574182647544e+01
2.728679429409768176e+01
3.318175547790180957e+01
3.749915015059473689e+01
2.300895031536332525e+01
3.480078791519986225e+01
1.336971208401142341e+01
7.665913148961772450e+00
3.358713660194842276e+01
2.778541003770701323e+01
2.135294156066521154e+01
5.691509374026573198e+00
1.992842088675153889e+01
3.779507660201916508e+01
7.469530501553386159e+00
1.803914987015318516e+01
1.577029397756943752e+01
2.966231924262052644e+01
2.945558515451097037e+01
