nan
nan
nan
nan
nan
1.000120047091943576e-01
4.412197644539816999e-02
5.074328758919111060e-02
9.900633031849626065e-02
5.886235780322213174e-02
8.776480055977320394e-02
9.187473381918176418e-02
7.553058960232061914e-02
5.100600710066094390e-02
4.303478511541114493e-02
4.501658306522859920e-02
4.258621690882324895e-02
4.321546521909813698e-02
4.349699645581284191e-02
8.034447057448224072e-02
8.347138572547418978e-02
8.533515706456595851e-02
1.005785198685245074e-01
9.441174932474516446e-02
1.485811521546769320e-01
1.460635345411990249e-01
1.472605927648786839e-01
1.870934645307269495e-01
1.820906638477736150e-01
1.926135528026439170e-01
1.723211371343528198e-01
1.508404298272755240e-01
1.949940628637890638e-01
1.743697796091552288e-01
1.555087451840343471e-01
2.465286082336808349e-01
2.166498169440945754e-01
2.244583141217458833e-01
2.240848219300235478e-01
2.157055500166090711e-01
2.635940265165618301e-01
3.171530596632531340e-01
2.483662757621849515e-01
3.158206742840107273e-01
4.192549032466379444e-01
4.507227837160757700e-01
3.929343902600433980e-01
3.830711014256488189e-01
3.986861337985292408e-01
2.126882203410288552e-01
3.184783729198851221e-01
3.313221669415260529e-01
1.877934476811604636e-01
8.947281409228724502e-02
1.105491384594378124e-01
9.194941485756258359e-02
6.839198162244453094e-02
9.049034911365605449e-02
1.218878208345435255e-01
7.326571595353215116e-02
7.200273259916234458e-02
1.094027048061513296e-01
2.609158552945567422e-02
3.638200022906734610e-02
2.858726346834616905e-02
4.763485446924542455e-02
4.272667065066682035e-02
4.576852025446787042e-02
2.508343190427175795e-02
1.679251202731946169e-02
4.392212057928168711e-03
6.296589536691321598e-03
1.095127908907611580e-02
7.909928117533215897e-03
9.629936493204871439e-03
1.153446621139309070e-02
1.194491520117924033e-02
2.202123002127853724e-02
6.346637725924808571e-03
1.479770283709236356e-02
2.871930574953629467e-02
3.196791690695655053e-02
1.831141235365252307e-02
2.491570932239617342e-02
3.326658965196671591e-02
4.590440917925875386e-02
3.345724170741948278e-02
5.174285559945490665e-02
7.617189226769616184e-02
6.407158345093677543e-02
6.487438976338377739e-02
7.615364713189343160e-02
8.923052160263755805e-02
8.542932741563602494e-02
5.344966389175187516e-02
8.511443892290770918e-02
9.867617149104701557e-02
7.246674433086097711e-02
7.269122373201131193e-02
1.010414709506530784e-01
1.258091155779011983e-01
1.062017857176497104e-01
8.147712687139840870e-02
1.300100567572852750e-01
6.536718802294760877e-02
1.078633006890161727e-01
7.103157310980645622e-02
6.294716535281830172e-02
9.555005059005883261e-02
1.275837350024041639e-01
6.966827896656135888e-02
6.982114587844789888e-02
9.715937063184965083e-02
1.033473780124337660e-01
6.515211949312371686e-02
7.255029804840185115e-02
1.329241389829393105e-01
7.477546979304583452e-02
1.179481356526623781e-01
1.001585090282816060e-01
1.202863207843444249e-01
1.677472682730649645e-01
1.292533037673789797e-01
1.130991171622726110e-01
9.515325580409128570e-02
8.707485057548769447e-02
1.324510364115086825e-01
1.822750570023634609e-01
1.545023981332916962e-01
2.054208491362778943e-01
1.839275623637109947e-01
1.516725877039067916e-01
2.220135608618091227e-01
1.498083418701418035e-01
2.101115891567912897e-01
1.454934307505378888e-01
2.758802897622231187e-01
2.287978994025795521e-01
3.354381274930349210e-01
2.298554953141860313e-01
2.574192698536471591e-01
nan
