-2.970127153019099353e+00
-2.853199247245775894e+00
-2.419605191026420243e+00
-3.997411054661679231e+00
-2.715037890582342683e+00
-2.882679742953673241e+00
-2.702918315048394859e+00
-6.431009550740851566e+00
-3.385703663599350932e+00
-2.794260572952246946e+00
-6.056352597752994171e+00
-1.195386884743851041e+01
-6.916943109450027549e+00
-1.346923587839374292e+01
-1.740046265442770590e+01
-1.317840263704588466e+01
-7.398042072711984218e+00
-4.511614156987388213e+00
-2.216777213663666402e+01
-3.895127147072205531e+00
-1.720606481626817796e+01
-3.369972368752293335e+00
-7.469024749202031188e+00
-3.649585990563640081e+00
-8.871964850882729792e+00
-9.286424902055259167e+00
-1.028001888454821611e+01
-4.465163930099564027e+00
-4.430599721327267204e+00
-2.455249386689523305e+00
-1.587496134378014645e+01
-1.118050726229701297e+01
-7.605508570533086043e+00
-2.838786823328524278e+00
-1.736182605559114833e+01
-1.405819444478623126e+01
-1.240593652657489443e+01
-2.855020472602657122e+00
-7.001610091641438771e+00
-1.081982542297232897e+01
-6.961134434781603986e+00
-3.204326046660224137e+00
-1.256875898335952613e+01
-5.615229314832593133e+00
-1.531315768937282584e+01
-2.750934530824297397e+00
-2.659371300333287280e+00
-5.602882378125347174e+00
-3.071994112224471607e+00
-5.787679379107039779e+00
-2.815692947146127167e+00
-4.173151094170075126e+00
-6.871471501588711561e+00
-3.255279885894916347e+00
-1.855638448051951528e+01
-4.074116603056358699e+00
-4.505151056699475021e+00
-3.723917195731514695e+00
-2.296517334855532866e+01
-9.139795168229174038e+00
-3.530631867722796358e+00
-3.375824127386859885e+00
-2.761506628390423046e+00
-1.286145305096041724e+01
