1.483340275050086454e+01
1.802263563080315834e+01
2.316369223323345139e+01
3.358736247136132391e+01
3.235680026185090696e+01
1.722808760533604655e+01
7.175245357321781370e+00
1.303993905477912030e+01
1.185733495031617935e+01
3.393448055198453517e+01
2.097180788386441108e+01
8.107630214786832212e+00
2.257136001879941034e+01
3.480506844095558705e+01
3.469952336621069122e+01
8.486288479542196228e+00
2.364398209399439921e+01
3.503250471794169130e+01
2.527836602511721154e+01
9.745616295923943184e+00
1.595832907572319570e+01
3.112055478034217160e+01
3.691860602484408105e+01
1.813952503296217600e+01
2.651965938927576971e+01
3.587638049464232637e+01
1.272429651677916951e+01
2.175928658358580492e+01
1.974978778533582968e+01
7.597890435879181226e+00
9.444812474755044818e+00
9.042039925264619527e+00
1.545425637502347804e+01
1.499529630896098453e+01
3.551358935880504930e+01
3.167963300078952926e+01
3.421203110679087445e+01
3.685049314170431956e+01
3.464512463761373340e+01
2.698352522036795875e+01
8.951385229076105787e+00
7.163421416793001484e+00
1.027796580104785384e+01
3.382598905359229491e+01
3.215570476568669278e+01
1.887406862521329742e+01
2.398573147246953141e+01
2.099397765897704460e+01
5.541060548457543256e+00
1.621968529767347889e+01
1.543047409231593114e+01
2.882133670055306141e+01
1.320221851246415667e+01
2.989037040842169901e+01
1.476532985259171404e+01
1.441247977933370628e+01
4.199278846255090514e+00
1.059398531334421989e+01
1.555908520919883031e+01
9.374518747970940424e+00
3.557965430540130569e+01
3.314709834174276892e+01
3.633823259490976199e+01
3.475967230879565761e+01
1.130705273203111538e+01
2.036188583189472823e+01
2.575170586305318920e+01
1.258014600161816077e+01
1.569400893537600439e+01
3.606302914775279334e+01
1.290417357583844371e+01
2.464974583875710934e+01
3.471520208230504068e+01
3.605879915016080162e+01
2.119904014097998157e+01
5.555886574874884687e+00
2.144863081705298669e+01
2.668248854508150814e+01
3.106166405140740139e+01
2.429034441206378858e+01
3.617527680085684949e+01
8.619422010252856481e+00
5.704734519561601047e+00
1.315594166117811170e+01
5.759085185092912340e+00
3.175082356235798287e+01
3.693622167501108322e+01
2.385526768102451456e+01
3.625686028257216265e+01
3.491624525128590761e+01
8.782131022469616966e+00
3.591111518433154259e+01
3.424751295976199117e+01
3.316192474593113104e+01
2.320081551148908972e+01
2.668826469345462016e+01
5.325531476541314646e+00
1.898884341509009843e+01
3.753143445209390450e+01
3.640201661289837176e+01
3.594128508029950808e+01
1.471831659703064865e+01
2.544830621227820799e+01
3.443579320348320039e+01
3.324850304409909540e+01
3.306193138804992060e+01
1.336373561142561606e+01
3.371116971527032291e+01
9.895532157047369992e+00
3.296051714355646567e+01
2.549436955548957684e+01
3.027126218612961139e+01
1.105055318960286037e+01
2.621497841043251853e+01
1.124514116070783665e+01
3.325897031009298388e+01
3.360820295894095011e+01
8.835538522889049062e+00
2.428217689096028664e+01
3.226748543123191837e+01
3.525122128751169015e+01
1.168387472133243143e+01
2.581967166282942117e+01
2.695751783956900383e+01
2.638941567245858266e+01
4.957746004353140279e+00
1.394364247726611161e+01
1.245614721716584938e+01
3.335502659926724789e+01
2.763739842366922517e+01
1.853840515479398832e+01
3.274075262968034394e+01
2.671282021419643726e+01
2.624876968041270686e+01
2.921192629982398969e+01
3.796203610061290590e+01
3.411422428347171376e+01
3.075313018883892013e+01
1.141389758771798313e+01
2.888218777068222565e+01
2.494279909937275974e+01
2.800658426430036840e+01
1.040004949505864928e+01
