3.666666666666666408e-01
7.166666666666666741e-01
2.683333333333333126e+00
2.700000000000000178e+00
2.733333333333333393e+00
2.750000000000000000e+00
2.783333333333333215e+00
2.799999999999999822e+00
2.883333333333333304e+00
2.899999999999999911e+00
3.683333333333333126e+00
4.900000000000000355e+00
5.533333333333333215e+00
5.549999999999999822e+00
5.849999999999999645e+00
6.866666666666666252e+00
7.833333333333333037e+00
8.550000000000000711e+00
9.333333333333333925e+00
1.055000000000000071e+01
1.194999999999999929e+01
1.276666666666666750e+01
1.359999999999999964e+01
1.433333333333333393e+01
1.571666666666666679e+01
1.628333333333333499e+01
1.698333333333333428e+01
1.805000000000000071e+01
1.878333333333333499e+01
1.921666666666666501e+01
1.956666666666666643e+01
2.016666666666666785e+01
2.068333333333333357e+01
2.236666666666666714e+01
2.250000000000000000e+01
2.426666666666666572e+01
2.428333333333333499e+01
2.526666666666666572e+01
2.551666666666666572e+01
2.638333333333333286e+01
2.721666666666666501e+01
2.764999999999999858e+01
2.910000000000000142e+01
3.033333333333333215e+01
3.069999999999999929e+01
3.325000000000000000e+01
3.445000000000000284e+01
3.501666666666666572e+01
3.648333333333333428e+01
3.925000000000000000e+01
4.748333333333333428e+01
5.060000000000000142e+01
5.129999999999999716e+01
5.281666666666666998e+01
5.639999999999999858e+01
5.641666666666666430e+01
5.763333333333333286e+01
5.879999999999999716e+01
5.938333333333333286e+01
6.025000000000000000e+01
6.268333333333333002e+01
6.310000000000000142e+01
6.434999999999999432e+01
6.490000000000000568e+01
6.813333333333333997e+01
6.850000000000000000e+01
7.396666666666666856e+01
7.704999999999999716e+01
7.813333333333333997e+01
7.873333333333333428e+01
7.975000000000000000e+01
8.258333333333332860e+01
