-3.975820257391383450e+00
-1.421398403123955489e+00
-8.606649663247452509e+00
-8.931369065846617161e+00
-1.368773487038261294e+01
-2.655740507544724238e+00
-1.067662730648567759e+00
-9.546650373957454860e-01
-1.284368983762147920e+00
-2.814337784032819201e+00
-9.212100568235790377e-01
-1.249701327164284237e+01
-1.533439681403504196e+01
-1.826222535765904098e+00
-4.742674664509387128e+00
-3.411487612519474411e+00
-2.262172304499760145e+00
-1.488405922340389154e+01
-2.884727856766080123e+00
-7.109329497686474042e-01
-1.394681721639948080e+00
-1.012221901932658241e+01
-1.538818670655601295e+00
-2.644508824080009646e+00
-1.944044956678631308e+00
-5.846350588643449697e+00
-1.196747135283724361e+01
-1.025035341436005609e+00
-8.408678343963202906e-01
-1.248871405613263263e+00
-2.033776593036420266e+01
-1.875015152563515031e+00
-1.380023950458332038e+00
-3.875768293349079130e+00
-2.441564746139899711e+00
-1.146671767513746687e+01
-4.656061989201853990e+00
-1.056771139542584237e+01
-3.830930969315250678e+00
-1.721071495435159804e+00
-1.282483585409977422e+00
-1.464884914723196374e+01
-1.797717364968503873e+00
-2.409567041704404389e+00
-1.025708266826459436e+00
-1.220916002474979223e+00
-1.487246206472536514e+01
-1.434192631975252041e+00
-2.185656006524823169e+00
-2.066698079722757342e+01
-2.232150233667791639e+00
-1.343660346072972800e+00
-1.458035866336292230e+00
-1.276333921964652518e+01
-1.252597367412393226e+01
-4.991135506695608015e+00
-7.871774173697687615e+00
-2.159405512396865845e+00
-1.099786558162453076e+00
-9.308910781075635299e+00
-8.668547264028632071e-01
-5.475463728111732209e+00
-2.153907404986753704e+00
-1.152609348808697476e+01
-2.953890530757432131e+00
-2.422802100187832153e+00
-1.538786674912245189e+01
-1.476414837387021350e+01
-2.291953544096964279e+00
-1.272166114747903976e+00
-1.441616039786824288e+00
-1.176351226499999569e+00
-1.040610392420067143e+00
-2.342581101384094922e+00
-1.341580645648651426e+00
-6.694580666346512388e+00
-1.190797922988653923e+01
-2.329630083565940524e+01
-5.024169764661381876e+00
-1.585188592279109798e+00
-2.089221887649620868e+01
-3.609900949608487508e+00
-1.423528181980380225e+01
-6.999417289690585520e+00
-1.123088003338200025e+00
-4.547434366719292242e+00
-1.404041198127307410e+01
-2.436199579501167278e+00
-2.290366200434814203e+00
-2.032934535417275868e+00
-1.786900117565693336e+01
-1.860450176713188242e+00
-8.453800447212557856e+00
-1.817349451784508219e+01
-8.986183360974685286e+00
-1.229491190927479849e+01
-1.137811447375293383e+00
-7.271501967103066733e-01
-3.504314369304591281e+00
-3.368464736269496385e+00
-1.478143107316941141e+01
-1.462203778117331154e+00
-1.268999300436911071e+01
-1.297652178992962035e+00
-2.030172001732161391e+00
-9.749841772956546748e-01
-1.876680826942086711e+01
-2.418395265818077178e+00
-2.098704597121253457e+00
-1.279040688653097391e+00
-1.127379180130906988e+00
-1.552270624289892709e+00
-4.792695807596036417e+00
