nan
nan
nan
nan
nan
3.438999999999999835e-01
3.025666666666666504e-01
2.932285714285714495e-01
2.651000000000000023e-01
1.988444444444444348e-01
1.696999999999999897e-01
2.210272727272727389e-01
2.323000000000000065e-01
1.805769230769230793e-01
1.378428571428571558e-01
1.310000000000000053e-01
1.166999999999999982e-01
1.437117647058823444e-01
1.691333333333333300e-01
1.769210526315789511e-01
1.930000000000000049e-01
1.301476190476190398e-01
1.365636363636363593e-01
1.402608695652173831e-01
1.423999999999999988e-01
1.414999999999999869e-01
1.308615384615384736e-01
9.940370370370370245e-02
1.090285714285714330e-01
1.182344827586206959e-01
1.241000000000000020e-01
1.793677419354838820e-01
1.732499999999999873e-01
1.525818181818181796e-01
1.433176470588235218e-01
1.251285714285714223e-01
1.424999999999999878e-01
1.144297297297297289e-01
1.053263157894736846e-01
1.102076923076923121e-01
1.476999999999999980e-01
1.394365853658536547e-01
1.413571428571428479e-01
1.430069767441860540e-01
1.346363636363636374e-01
1.519000000000000072e-01
1.486565217391304372e-01
1.380680851063829651e-01
1.388999999999999957e-01
1.428204081632653000e-01
1.355999999999999983e-01
1.522117647058823520e-01
1.449307692307692241e-01
1.396339622641509515e-01
1.333999999999999908e-01
1.267090909090909101e-01
1.324428571428571400e-01
1.243842105263157916e-01
1.200172413793103438e-01
1.204271186440677988e-01
1.149000000000000021e-01
1.256229508196721190e-01
1.251322580645161386e-01
1.206714285714285684e-01
1.159749999999999948e-01
1.205846153846153873e-01
1.245090909090909026e-01
1.251895522388059567e-01
1.284588235294117642e-01
1.186173913043478273e-01
1.158428571428571363e-01
1.104816901408450652e-01
9.439999999999999780e-02
1.282465753424657517e-01
1.279405405405405483e-01
1.602000000000000091e-01
1.455578947368421083e-01
1.623935064935065065e-01
1.916974358974359027e-01
2.321506329113924016e-01
2.283999999999999919e-01
2.532345679012345530e-01
2.900439024390243925e-01
3.010180722891566130e-01
2.878476190476190744e-01
2.970235294117646863e-01
2.862372093023256014e-01
2.896804597701149175e-01
3.256454545454545713e-01
3.328247191011236006e-01
3.321111111111111347e-01
3.090978021978021961e-01
3.351782608695652033e-01
3.091462365591398087e-01
3.252957446808510400e-01
3.156210526315789688e-01
3.139166666666666772e-01
3.112773195876288868e-01
3.123979591836734682e-01
3.110737373737373912e-01
3.252999999999999781e-01
3.171722772277227875e-01
3.120862745098039182e-01
3.301378640776699291e-01
3.265230769230769159e-01
3.290380952380952406e-01
3.158792452830188613e-01
3.165429906542056027e-01
3.112259259259259059e-01
3.149247706422018123e-01
3.236363636363636109e-01
3.225576576576576482e-01
3.146857142857142908e-01
3.121176991150442226e-01
3.191508771929824628e-01
3.193826086956521593e-01
3.178103448275861886e-01
3.237316239316239130e-01
3.165440677966101513e-01
3.116453781512604770e-01
3.180333333333333345e-01
3.198057851239669569e-01
3.156606557377049094e-01
3.188959349593495918e-01
3.190096774193548201e-01
3.174000000000000155e-01
3.193650793650793518e-01
3.015031496062992034e-01
2.994125000000000258e-01
3.069914728682170413e-01
3.088384615384615617e-01
3.000519083969465650e-01
2.998303030303030026e-01
2.954721804511278305e-01
2.995761194029850638e-01
2.946407407407407586e-01
2.971647058823529419e-01
2.981467153284671490e-01
3.037855072463768180e-01
2.945798561151078965e-01
2.960285714285714187e-01
2.990304964539007293e-01
2.928845070422534946e-01
2.985895104895104901e-01
2.990444444444444461e-01
2.902482758620689718e-01
3.264000000000000234e-01
3.364986394557822891e-01
nan
