5.708118035584975303e+01
5.593706051048965833e+01
5.567605721123388207e+01
5.530591889386024462e+01
5.601897386254793076e+01
5.508406192223024789e+01
5.543698343411764284e+01
5.628574902324172058e+01
5.598313170345672773e+01
5.609871693248933866e+01
5.791028301927062927e+01
5.545468037173775144e+01
5.602555056843286252e+01
5.518880713016071127e+01
5.534242251135091095e+01
5.510503080871743720e+01
5.523399027917084680e+01
5.521704396698709871e+01
5.753916037619205071e+01
5.596526904199785690e+01
5.605597632750708215e+01
5.555864754024788965e+01
5.559125431307261067e+01
5.604891898726515365e+01
5.509815473892815163e+01
5.635393412990462281e+01
5.627757929153082728e+01
5.928061404050944816e+01
5.642715143817020618e+01
5.526183647495437157e+01
5.599034281113208777e+01
5.514337174932227725e+01
5.542187593428739234e+01
5.582534042010311737e+01
5.534278013463708135e+01
5.624964493861872228e+01
5.635077543744361606e+01
5.584248193392169668e+01
5.835022325636340668e+01
5.626084912962876672e+01
5.634544429213873684e+01
5.514394359526418299e+01
5.611306957602820233e+01
5.620465556114687189e+01
5.566292374700616818e+01
5.534233674979656570e+01
5.504684932286991739e+01
5.586353012839190058e+01
5.637281065648621592e+01
5.561632916719233322e+01
5.619384560953827901e+01
5.552084312001873201e+01
6.183819731559412247e+01
4.972722923395225791e+01
5.622016457159644887e+01
5.523168601333620842e+01
5.578800127103303197e+01
5.531985546025458689e+01
5.644119527224574995e+01
5.527276776508647771e+01
5.774566089901271226e+01
5.503279422779912267e+01
5.876321831584944277e+01
5.523569589679372172e+01
5.821961508009185593e+01
5.764702836941423669e+01
5.592514449055205006e+01
5.572784619656005134e+01
5.600276213969188888e+01
5.573467193469699765e+01
5.624588559664872633e+01
5.637386454534608049e+01
5.637338376865070444e+01
5.541807775244033252e+01
5.633358209005947970e+01
5.527644874983658241e+01
5.510048411938717550e+01
5.554920209555265131e+01
5.508502647550211151e+01
5.624448881290408053e+01
5.614249174264595155e+01
5.597033268353024482e+01
5.560499422292664917e+01
5.594142782633927169e+01
6.881592919497077787e+01
5.601644018543503734e+01
5.621198502170960154e+01
5.501680357668322330e+01
5.603220791907548914e+01
5.521952075421301487e+01
5.501067875955944686e+01
5.619377883327199186e+01
5.628806800601580562e+01
5.543090564781169149e+01
5.601361740837131720e+01
5.547234309335119207e+01
5.603015811363866305e+01
5.533413823641124196e+01
5.611105000188333491e+01
5.568033253038274921e+01
5.545772775167540658e+01
5.840699549039767646e+01
5.632500604694052981e+01
5.525321501124091128e+01
5.588157993015479263e+01
5.601694326933372281e+01
5.639280365802629547e+01
5.597798430525518398e+01
5.511527179329866044e+01
5.509514771042564263e+01
5.573193836863137562e+01
5.582411533765579748e+01
5.634677976994156268e+01
