-2.175723770092019907e-02
-2.314076829986390707e-02
2.992968979072315946e-02
-1.024529342712412507e-02
1.524475973234302789e-03
-1.245007049251455576e-02
-3.057542584171869804e-02
1.505247713887058504e-02
-5.570273677853265076e-02
-4.676820629770474941e-02
-5.761187074770418581e-02
-1.165779041685539169e-02
9.501076478125583535e-02
1.889316535308580491e-03
-2.060924392361698776e-02
-4.009874928360488561e-02
-4.045487483891349600e-02
7.972359109311355149e-03
-3.494357823667030433e-02
-4.615967052734390452e-02
-2.297518088820652352e-02
4.040226622258273614e-02
-3.659550425882400482e-02
-8.573188092908878843e-02
-1.073409637004033371e-02
2.401001194201057842e-03
1.062584867931150312e-02
-1.247084499261632076e-02
2.529856053211119657e-02
1.242328509373464770e-02
1.602093603841694969e-02
2.049313081116110880e-03
-1.349461029735039147e-02
-9.703625139285349324e-03
3.280661944837106811e-03
4.567238353263576578e-02
-5.826898389055486238e-02
-6.247867624055402080e-01
1.241825792840245283e-04
3.478241808878124175e-02
-7.686867295601587484e-03
-9.879766627777348820e-01
-1.145582314142416097e-02
-9.058085504500467885e-03
-2.238880116320331182e-02
-1.199000831841203797e-02
1.839205635553185086e-02
-3.239100371826225677e-02
1.130788862109648046e-01
-2.647047142389908486e-02
1.353902195738442005e-02
3.961246886361891734e-02
-6.306860049174474458e-02
-3.209513180181261527e-02
-5.624673398208932529e-01
-3.818680747914982021e-02
-4.607972427990091741e-02
2.530167556183357536e-02
-6.939135857471682989e-02
-2.975674956435682417e-02
1.928212738391153020e-03
-3.523321039243683221e-03
-2.301952179784791386e-02
2.734353878327851900e-02
-6.164418736968855367e-03
-9.683202940293541075e-03
1.390526955563814275e-02
2.786747427691693701e-02
-7.494499066585490199e-02
-1.115043939156862458e-02
-2.414337480299195635e-02
-1.660732500519316104e-02
-1.170382394357034200e-02
-3.733982560140134202e-03
-4.676494843965883948e-03
-3.460411125529447296e-02
-5.276674171173795225e-02
2.007524533787318280e-02
1.385980298113338380e-02
-2.589522726574273320e-02
6.849258317335397972e-02
-6.464803204838802386e-02
-8.544916822497156811e-03
-2.085179835945041166e-02
-3.474138630540778844e-02
-4.345559021333656596e-02
1.422531112251590501e-03
-2.197008149613168329e-02
-3.527288515427471488e-02
4.176643485131990158e-02
4.036541764936430604e-02
-2.369025997612141110e-02
8.875369846556395437e-03
-4.743545635431758306e-02
-1.142989763538366718e-02
-1.063054472770829685e-02
1.823923834282936652e-03
-1.522601176721195826e-02
6.737748898088626037e-02
-1.331212732452343069e-02
2.722351480556426274e-03
-1.465076436705203301e-02
-5.719579216464581312e-03
-2.157771556130967314e-02
-1.185389730328779458e-02
-3.988553617491333997e-02
-1.761199772402051141e-03
-2.673523364825314513e-04
3.015424808444095231e-02
-7.989674143320257826e-02
-2.025570876306460530e-02
-1.440074128646699585e-02
-1.310959013945534914e-02
-4.611352131214061650e-02
1.521101240217376423e-02
-4.629998739634857280e-02
-4.417294771410183729e-02
2.468014267942635238e-03
-7.887551069491110373e-03
2.352750910475038051e-02
-1.241023968563467923e-02
-3.426479659682968304e-02
-2.359441271167270204e-02
1.290329690972953332e-03
5.585063752608903503e-03
1.616016895201255531e-04
1.310394735584168371e-02
-9.201848252893683744e-03
-2.083425700155714863e-02
-2.134368220589635823e-02
1.872880641049050592e-03
1.923052614064090296e-02
-3.483299578369156158e-02
5.168264832120712284e-03
-2.216886835101888539e-02
-1.131454914497226176e-02
-2.571037555260318255e-02
1.980287110087829150e-02
-2.384060936023502109e-02
5.293604918568916825e-04
-1.859030322530770551e-02
4.232674363760224878e-02
-3.225771133751891007e-02
2.618628982851077883e-02
-2.580094336737033534e-02
9.978508603230693344e-03
3.555706715250494393e-02
-6.446091854655719433e-02
