-4.210677538588399327e-01
-1.874230142431736190e-01
-2.979387025531082256e-01
9.427575172419892791e-02
-4.850624177578879287e-02
-1.243515700202834674e-02
-2.303099914078384769e-01
-1.984449472491729705e-01
9.909351674048989811e-02
6.242818359591865290e-02
1.827115736553764636e-01
-2.290162967795771332e-01
-1.047302353910481605e-02
-6.892235442623587116e-02
4.872793505976574097e-02
-6.698635316820628072e-02
-2.652893354132299653e-01
-9.681936915907840557e-02
1.715767337507713777e-02
-1.149644126528255594e-01
6.668003267848235383e-02
1.938436928098269674e-01
-5.609488862643274842e-02
1.522157349310043761e-01
2.295714937287380020e-01
2.207248976525215678e-01
2.709708404955995520e-01
-1.972794904060388987e-01
2.797134507635655742e-01
9.266921293725999265e-02
-2.676868826633403975e-01
-1.829364003800708349e-01
-2.703347286234656921e-01
6.351697257213800851e-02
8.052759112864578406e-03
-1.970667382309033988e-01
-4.527347016986243422e-01
6.172136488272144533e-02
-2.087308999465847248e-01
-1.863856610778839157e-02
-1.163798435792625652e-01
1.143831927648615854e-01
6.199616397593672203e-03
-7.719701435233673470e-01
-9.224115787332437533e-02
5.917325847922483978e-02
-5.302450435950700758e-01
-1.991785965596420682e-01
1.890915062316457784e-01
2.608490700822903574e-01
-1.159674943423999599e-01
-2.840928298316833800e-01
-8.945603138454231995e-02
2.166523919317774050e-01
2.271446627457381351e-01
1.766147833516242688e-02
9.813388252446088311e-02
-2.469500636979284902e-01
5.163932227072564468e-02
3.474920274051851443e-01
-7.264138022343730183e-02
-1.839514116600412252e-01
7.485628720076874243e-02
4.080757567854015888e-01
-2.124790288615298617e-01
-2.908273186167377733e-01
7.060984574239564715e+00
1.193463027136476701e-01
-7.715504283664245677e-02
-7.651398848141070796e-02
7.725404351609541087e-02
8.120501150348331809e-02
2.195385334215552708e-01
-6.513375487136045805e-02
-1.827078215553001317e-01
1.684986805579197222e-01
7.330065987873694844e-02
-4.570149304552273972e-01
2.603111564208041018e-01
-5.817795370713753078e-01
2.079545700293442545e-01
-2.860681373760826443e-02
1.482702373117877059e-01
6.950295732240874269e-02
-3.589489263671768460e-01
8.905761333808925873e-02
2.943793503650397186e-02
-6.316956955366322124e-02
9.237947444635664918e-02
-6.657577479426776690e-02
1.535226239293751849e-01
1.570137769199027311e-01
-3.861707552527917503e-02
3.552624502975743059e-01
2.160193592357575187e-01
-2.752053791524173287e-01
-1.521466363965140456e-01
-4.201348045786687524e-01
-4.620976350503690488e-01
3.360171799253407893e-02
-3.632564667750898257e-02
1.335944594276338715e-01
-3.338513798303500701e-01
2.273252153813892507e-01
-7.716926338508073302e-02
-5.849761802890384582e-02
-2.843833249114658401e-01
-9.336188122625571628e-02
2.077690761250766960e-01
5.128643292527851338e-01
