2.166666666666666741e-01
5.666666666666666519e-01
9.166666666666666297e-01
1.250000000000000000e+00
1.633333333333333304e+00
2.066666666666666874e+00
2.399999999999999911e+00
2.666666666666666519e+00
2.983333333333333393e+00
3.383333333333333304e+00
3.666666666666666519e+00
4.033333333333333215e+00
4.416666666666666963e+00
4.816666666666666430e+00
5.150000000000000355e+00
5.433333333333333570e+00
5.816666666666666430e+00
6.200000000000000178e+00
6.633333333333333748e+00
7.049999999999999822e+00
7.433333333333333570e+00
7.849999999999999645e+00
8.166666666666666075e+00
8.566666666666666430e+00
8.966666666666666785e+00
9.283333333333333215e+00
9.650000000000000355e+00
1.001666666666666750e+01
1.041666666666666607e+01
1.080000000000000071e+01
1.109999999999999964e+01
1.148333333333333250e+01
1.183333333333333393e+01
1.209999999999999964e+01
1.251666666666666750e+01
1.284999999999999964e+01
1.328333333333333321e+01
1.366666666666666607e+01
1.401666666666666750e+01
1.434999999999999964e+01
1.468333333333333357e+01
1.500000000000000000e+01
1.541666666666666607e+01
1.583333333333333393e+01
1.619999999999999929e+01
1.656666666666666643e+01
1.691666666666666785e+01
1.725000000000000000e+01
1.758333333333333215e+01
1.794999999999999929e+01
1.828333333333333499e+01
1.871666666666666501e+01
1.918333333333333357e+01
1.951666666666666572e+01
1.980000000000000071e+01
2.011666666666666714e+01
2.055000000000000071e+01
2.085000000000000142e+01
2.123333333333333428e+01
2.160000000000000142e+01
2.188333333333333286e+01
2.221666666666666501e+01
2.261666666666666714e+01
2.298333333333333428e+01
2.331666666666666643e+01
2.361666666666666714e+01
2.401666666666666572e+01
2.438333333333333286e+01
2.471666666666666501e+01
2.506666666666666643e+01
2.539999999999999858e+01
2.578333333333333499e+01
2.611666666666666714e+01
2.643333333333333357e+01
2.671666666666666501e+01
2.708333333333333215e+01
2.743333333333333357e+01
2.773333333333333428e+01
2.808333333333333215e+01
2.856666666666666643e+01
2.893333333333333357e+01
2.925000000000000000e+01
2.964999999999999858e+01
2.998333333333333428e+01
3.043333333333333357e+01
3.073333333333333428e+01
3.105000000000000071e+01
3.138333333333333286e+01
3.181666666666666643e+01
3.216666666666666430e+01
3.253333333333333144e+01
3.285000000000000142e+01
3.326666666666666572e+01
3.368333333333333002e+01
3.403333333333333144e+01
3.438333333333333286e+01
3.470000000000000284e+01
3.506666666666666998e+01
3.538333333333333286e+01
3.571666666666666856e+01
3.620000000000000284e+01
3.650000000000000000e+01
3.688333333333333286e+01
3.729999999999999716e+01
3.763333333333333286e+01
3.801666666666666572e+01
3.843333333333333002e+01
3.885000000000000142e+01
3.918333333333333002e+01
3.951666666666666572e+01
3.996666666666666856e+01
4.031666666666666998e+01
4.075000000000000000e+01
4.111666666666666714e+01
4.151666666666666572e+01
4.191666666666666430e+01
4.231666666666666998e+01
4.264999999999999858e+01
4.303333333333333144e+01
4.345000000000000284e+01
4.383333333333333570e+01
4.425000000000000000e+01
4.460000000000000142e+01
4.496666666666666856e+01
4.531666666666666998e+01
4.570000000000000284e+01
4.608333333333333570e+01
4.645000000000000284e+01
4.691666666666666430e+01
4.731666666666666998e+01
4.760000000000000142e+01
4.791666666666666430e+01
4.829999999999999716e+01
4.864999999999999858e+01
4.900000000000000000e+01
4.936666666666666714e+01
4.970000000000000284e+01
4.998333333333333428e+01
5.028333333333333144e+01
5.063333333333333286e+01
5.093333333333333002e+01
5.135000000000000142e+01
5.181666666666666998e+01
5.220000000000000284e+01
5.260000000000000142e+01
5.291666666666666430e+01
