2.377578363279272411e-01
-1.392568915328638510e-02
-1.486427066393872579e-02
-9.675439802341259665e-02
-9.870628361040417742e-02
-8.018403642356475292e-02
-8.312513035540121734e-03
-1.624508038537236104e-02
-9.605543959904253026e-02
-1.026089909667501909e-01
-2.695786574567136940e-02
-8.450753743570317555e-02
-9.295120670983891831e-02
-2.473824334853588769e-02
4.885188970568379169e-02
-1.176984360945652897e-02
-1.229520574281991671e-02
4.449700650819068265e-02
4.873089441420916379e-02
-1.822218302781647148e-01
-1.041984870552920550e-01
-1.836349456158222759e-01
-1.790340928255506059e-01
1.664981718937718902e-01
-8.700474146724899993e-02
-8.548648899087651909e-02
-1.606617594917537570e-02
-1.618178929908537997e-02
-2.390455393289016642e-02
5.172693555924183506e-02
4.997902376787806411e-02
-2.571342812596412800e-02
6.970768141486616276e-02
-1.379736863542007155e-02
-1.707579781455592638e-01
-1.047700442535591525e-01
-1.970045616175610664e-02
-1.823768528815548906e-02
-1.024760676835705930e-01
-1.499598558278194063e-02
1.596974189760140828e-01
-9.976458947909236374e-02
4.309399426561185548e-02
-9.221485447902409704e-02
-1.584781259585224811e-01
4.905328167993275312e-02
-1.873736725180509544e-01
-1.622422214809716989e-02
-9.870324918084918964e-02
-1.889144447556884709e-01
4.379578216742856939e-02
-1.361285459505552284e-02
4.160459272079833348e-02
-3.699240002280362177e-02
-2.128590845765188436e-02
-8.254283788506881769e-02
3.446660441066569380e-02
-1.799608542771261588e-01
-1.833737730080053918e-01
6.708519358501803531e-02
-1.365287280908489796e-02
-2.804350469540196553e-02
7.091413124387756228e-02
-9.964498706155523744e-02
3.686886448273753863e-02
1.008414045321649188e-01
-8.938887280545600167e-02
-2.387136766176979619e-02
3.970619611960273659e-02
-8.758748390301888953e-02
1.108164571175393603e-01
7.074416472421091173e-02
-9.600664902510146204e-02
-1.772277291441541613e-01
-1.920486203698487659e-02
1.407768456187062645e-01
-9.431944345739651236e-02
-2.322245354487904520e-02
-1.726037833234352059e-01
-2.106687310826373463e-02
4.201945332870082178e-02
-8.072219440680783453e-02
-9.886851822482527197e-02
4.440820346040368072e-02
-9.647665962700330278e-02
-2.450132564603904953e-02
6.975228025771400275e-02
-1.392689668190655490e-02
5.853825307392981209e-02
7.339841227342304431e-02
-9.204830250261465674e-02
5.096279815626303389e-02
5.580747803994199480e-02
-1.056183511490633026e-01
1.562321468507269495e-01
-9.764957011771685513e-02
-1.630947160915752550e-02
-8.111281413081769531e-02
-9.423839806523347240e-02
-2.314089846418653298e-02
-2.162596739538798912e-02
-9.866506991182916186e-02
-4.844731828455906052e-05
-1.479374962752046975e-02
-2.444128294798099399e-01
-9.250995572431747194e-02
-9.856858305424509581e-02
-1.691067561623958715e-01
-9.164399114167792737e-02
-8.890582072902930566e-02
-8.826204570800996740e-02
-1.490744614938762508e-02
7.392483206222549841e-02
-1.687408672270851173e-01
7.875888304813884189e-02
-1.061696220117778477e-01
-1.033442646027680212e-01
3.798732462797943521e-02
-3.069655346509307658e-02
-1.798715429188632586e-01
-2.173975188951999399e-02
-9.933716069431625106e-02
-3.174854838841043025e-02
-8.816673744874833907e-02
4.917621123760682056e-02
-2.049383144333091766e-02
-2.020335759966315065e-02
1.193383621287694013e-01
-1.970370581693828282e-02
-1.090332940395649097e-01
-1.040223995941840923e-01
-2.409545408399367192e-02
-1.703185122795162001e-02
-1.646919424585377087e-02
6.316665022630645054e-02
-1.610803319132514747e-02
-8.632255962739918131e-02
-8.983357185943872947e-02
5.023422217544862289e-02
-1.737464528324608043e-02
5.609628237320407607e-02
-1.463002629690436131e-02
-9.650039710669630622e-02
-8.542260096565855443e-03
-9.723630458950509314e-02
1.397492446064555471e-01
-8.640763143888534337e-02
-1.342822955345127425e-02
-8.857702546227529117e-02
5.038618760920599016e-02
-2.402612263167043169e-02
-2.035383245535513086e-02
4.089779886992005176e-02
-1.614954304378969294e-02
-9.513484945272353277e-02
-8.879020757833132327e-02
