-2.864080071575017539e-02
1.100907184063021349e-01
1.642282105119216018e-01
5.917928914306799099e-02
3.349634753775470042e-01
-7.245713590640746882e-02
-7.864978633887802217e-02
-4.221989032645864955e-03
2.652791647682556930e-01
-8.583069006116034183e-02
1.005734971953165802e-01
-1.578606346729065912e-01
1.051962063909104433e-01
1.507959910785200419e-01
1.029309943702446661e-01
1.050621129068687737e-01
-1.076853048591198125e-01
-9.800537841423931362e-02
2.140857054185403216e-02
1.212252261312812551e-01
5.250436115380921476e-02
-3.268219397554503192e-02
5.490672132947110873e-02
-7.823645174194439333e-02
4.837300481458896989e-02
8.441335860980302142e-02
9.719455360157780444e-02
4.453855608226831714e-02
1.211732846243080558e-01
6.438652125207283694e-02
-1.935189179999579900e-01
7.453035121563629517e-02
-9.421532244923809529e-02
-2.040162718961380517e-01
-1.743321176290726360e-01
-3.624004151468625257e-02
1.569903087212310422e-01
2.206564129992057144e-01
4.356683451287608755e-02
1.085554545253388931e-01
1.054241103179064942e-01
-3.235540793645043378e-02
4.107273388923090435e-02
-8.937070521675651025e-02
-9.615691260707080745e-02
2.113554007832192487e-03
3.435417093276987299e-01
-1.516714880634754126e-01
1.683818582259931362e-01
1.157083025498207018e-01
1.603749815156930991e-01
-2.398679283501906068e-02
-9.969914050459011134e-02
9.425396632640171968e-02
-3.263351918024659515e-01
1.487365747164005880e-01
1.235149723100039398e-01
3.562181461535976479e-01
1.796348971155146135e-01
-1.917109072724656332e-02
7.023455529191437174e-02
2.733098669018204502e-02
5.784417112565961444e-02
-9.394736575602564629e-03
4.188921575112886098e-02
-4.339310385307840190e-02
-2.037862025921242659e-01
6.500181757989785813e-01
1.768091896066761037e-01
-2.958714159801274779e-02
4.424793522305889987e-02
3.693549304112366677e-02
8.210631894218750615e-02
1.167841745790371977e-01
1.979313100719082286e-03
-8.690518616219150561e-02
-8.358155547205570191e-02
1.055344903057880424e-01
-2.281747490571092371e-02
3.367467420284810803e-02
-3.052861278909745069e-02
-9.305144298627170130e-02
-2.473152143902996036e-01
1.404344528434191275e-01
2.469968247784493087e-02
1.240914871998268221e-01
1.701598723380038924e-01
1.526339792193823486e-01
-6.906922418832209254e-02
-1.516462541209887271e-01
7.239250251605426623e-02
-9.736619049890521405e-02
-1.045225653555405670e-01
2.613588183890033223e-01
2.225777374809933817e-01
-1.524362740252286075e-01
-4.504268246360698114e-01
-1.012832832919832587e-01
1.060464290684735994e-01
6.870530800786980863e-02
-1.003281302586918888e-01
3.072327229056099826e-02
4.558805353450907233e-02
-4.109610940039556404e-01
-8.929572672545305068e-02
-2.843417925292283099e-01
-3.146772245978809307e-02
-1.011965122164525631e-02
-2.539339386046322172e-02
1.570578858916314990e-01
1.064538615184608267e-01
-5.710886848069094551e-02
3.690097201389164888e-02
1.024798410493326650e-01
-2.234403156240887239e-03
6.693504660367124992e-02
-3.265993619642131463e-03
-3.111519475421732905e-01
-9.120922631246912438e-02
-8.768284563889210126e-02
-2.379461666084119464e+00
2.496938994420247471e-02
-1.207284180614806232e-02
-8.746869125609833817e-02
5.913850738314749625e-03
7.238331053136363991e-02
-7.584669508765955193e-03
-2.255349606091044609e-02
-2.502949400030536342e-01
-3.554435245840523172e-02
7.600542047398343160e-01
-7.154881521897777687e-03
-8.454980876858655958e-02
-1.029901350886507361e-01
