9.910647997334763593e-02
-1.518413120588184007e-01
-4.720615304281273183e-01
-1.471647575445808875e-01
-2.391473154690629613e-02
-9.932642858853001078e-02
-2.225688100278603032e-01
1.844714530856651769e-01
6.780261266650410290e-01
1.307562915890764510e-01
-1.219649278264012121e-01
-1.876976678835239887e-01
3.040961150556654655e-02
-1.441628392756456357e-02
-1.680739770919842668e-01
1.144683603617454581e-01
-1.868494617320493392e-02
-1.804924075784475612e-01
3.795747155787944638e-01
1.380106591259198101e-01
-3.655050185914933691e-01
-2.049081284018245686e-01
-2.313430628822965296e-01
-1.683097985126221496e-01
-3.292389229611424883e-01
-5.186932379749578138e-03
-1.883427906852864486e-01
6.088463117125400212e-03
-1.564041990585468556e-01
-2.288812826760931729e-01
1.787751285646027033e-01
1.775764132817130303e-01
3.097810839779635006e-01
3.621389034054061651e-01
1.335038127974229327e-01
-9.186677480159005649e-02
-5.245442719624532346e-01
-2.155696753491827267e-01
-9.447744591762216593e-02
2.662382921368589353e-02
-1.598520966769373663e-01
4.661346148423035907e-02
6.880285217296318312e-02
-5.266333968424441458e-01
4.761055387545638784e-02
-4.329342673164887634e-02
-5.267828717191526122e-01
-2.802855330551085600e-01
-2.377610965752158800e-01
-1.296105924734888490e-02
6.952819933849241699e-03
-6.392384017046879620e-03
-1.366964310760579338e+00
5.310875085326358797e-02
2.088401708917262956e-01
1.121354639445849011e-01
-6.845253435664062913e-03
-5.898499931366132237e-02
-4.742420818053824649e-01
1.207439719718081533e-01
1.877764110208272608e-01
2.422214901238134988e-01
-9.392936747899284511e-02
-3.513238525566208525e-01
1.977045237914455689e-01
-5.144547411459291508e-01
3.119265582514822444e-01
2.027811797917219439e-01
-3.917871819261648514e-01
3.645118658762794284e-01
3.278421885455031631e-02
3.853325111651997870e-02
5.375568796464506166e-02
-2.167352999967232519e-01
-1.718123911039060592e-01
-2.503207679407694064e-01
-2.433253627681835896e-01
-1.484968519930248559e-02
4.955829180312093518e-02
4.605900089804663283e-02
1.908850366212123950e-01
2.348028306360220099e-02
-2.310196318537555138e-01
-2.405218706824621133e-01
-4.893330328040190191e-01
-1.593530819055842887e-02
-9.513839142583251085e-02
-2.513250385110950558e-01
2.745783107225179334e-02
-1.356425511594204769e-01
-6.079823391498138246e-02
-5.577803939556730262e-01
-3.040964489828331674e-01
4.044396977526502901e-02
8.545125521641071531e-01
2.049273000859932470e-01
-8.523626970160648464e-02
-1.366235903537631191e-01
-3.737898422095236040e-01
-1.055510717108188584e-01
-6.689786180290866087e-03
1.600900722537448861e-01
7.212783615926127156e-02
1.820846673016126294e-01
1.562848999651419157e-01
-1.842915425810360761e-02
-6.413350045792298726e-02
-1.067917718483334943e-01
-6.884316771416593150e-02
-6.550866187019130926e-01
1.175326195586092193e-01
-1.605861098520597330e-01
3.753658182550805300e-01
-1.735411681669324913e-01
-4.526122099996780501e-01
1.438542736195120020e-01
1.432865985730541192e-01
1.167703727485854825e-01
-3.172415161247755799e-01
6.263576484569284564e-02
1.542670695580216078e-01
1.176127461667715590e-01
-1.474689445891641526e-01
-4.135243625053124372e-01
5.254325975804818166e-02
2.856240180573035858e-01
1.569991604305982780e-02
-1.669790866521987105e-01
-3.528774775465081115e-01
-4.925472624475054073e-01
8.985408063736741169e-02
-3.962013174789493219e-01
2.504281032904475679e-01
-2.601899825778446196e-02
-8.613335806791724836e-02
-9.817317716439697417e-01
-1.657269832357843586e-01
-3.994263709907875382e-01
-1.625705298278944458e-02
-1.795769128236190670e-01
-2.314529965197363648e+00
-1.022044156707948986e-01
