-4.469851404926821203e+00
-1.418327962746467108e+00
-1.735952876544214263e+00
-1.767336923571731333e+00
-1.859250328226394799e+00
-1.663763955187157251e+00
-1.660913591750896146e+00
-1.307303204196593072e+00
-4.239129547644621354e+00
-1.552443046849001362e+00
-1.452860438471297755e+00
-2.631996398828619022e+00
-2.998645150043257601e+00
-4.581001493380265188e+00
-2.096822466674215235e+00
-2.408447544098812898e+00
-1.825662648839877278e+00
-4.612967775115704328e+00
-1.401376459897628379e+00
-2.022524389869920114e+00
-1.813193704799322958e+00
-1.650122434827100193e+00
-3.974044218028428332e+00
-1.681701025493675061e+00
-1.656382333319061928e+00
7.830828062736223671e-01
-1.783968140029983829e+00
-2.265427476396705941e+00
-1.684776570864521261e+00
-1.617779354442037132e+00
-4.677860659954658828e+00
-1.561385186008592996e+00
-1.568146190792731431e+00
-1.546308042267972027e+00
-1.810328207246103105e+00
-4.697477398205393229e+00
-1.689480990661209603e+00
-1.389018215590267502e+00
-1.556953690830297887e+00
-1.097248051347468234e+01
-1.270940575652851123e+00
-1.517670484606615133e+00
-4.077849282514542040e+00
-1.750600743282536342e+00
-4.615043074676947299e+00
-2.126397583367541699e+00
-8.102099103553719317e-01
-1.409422357981753748e+00
-1.416805684194619275e+00
-4.133284489074959822e+00
-1.424788181719595315e+00
-1.725040782224287028e+00
-4.568474290657709602e+00
-1.959615352752129169e+00
-4.606604629591844358e+00
-1.888317902742009835e+00
-2.001391421171785368e+00
-1.673101426565699157e+00
-1.515649125921875395e+00
-8.981631533942056933e+00
-4.206390852657751367e+00
-2.297465703483647204e+00
-1.771470677916711978e+00
-1.550008061548151517e+00
-3.827059364793349516e+00
-3.912553625552250836e+00
-3.799987764760221154e+00
-4.593157701879341914e+00
-3.757061277379406761e+00
-1.835273075214153948e+00
-1.722665055617692786e+00
-1.454677762132591923e+00
-1.587122037722132006e+00
-1.540086330836922812e+00
-2.838580361965117760e+00
-1.511550144795409167e+00
-1.545310229672356428e+00
-1.532704526337475670e+00
-1.322107260515213767e+00
-1.398415329668319274e+00
-1.121890056789633050e+01
-1.652408263080204165e+00
-1.639422638569783430e+00
-1.621694705263879044e+00
-1.539645331778107362e+00
-1.692113314944410973e+00
-4.685635960447910975e+00
-1.567562758409735579e+00
-2.117560279797448430e+00
-1.905153351821740060e+00
-1.188042685248423425e+01
-1.478085719539597420e+01
-1.969981672704403053e+00
-4.923361323120174049e+00
-1.932096313937959664e+00
-2.936548273563213129e+00
-4.644837124082119573e+00
-1.775631957481801138e+00
-2.196297394342177967e+00
-1.870255546495934951e+00
-1.895765884316158889e+00
-1.441615405115252102e+00
-1.550827184297988381e+00
-1.267767066263971287e+00
-1.415957344983887367e+00
-1.492221410910108403e+00
-1.801718829802407384e+00
-1.773509994768218689e+00
-1.899905211056140075e+00
-1.704489157409080136e+00
-1.160583516226200373e+00
-1.808672074855039114e+00
-1.646145219596377274e+00
-5.607368679852001492e+00
-1.705674265866377937e+00
-2.241377770057367158e+00
-1.603375927116761801e+00
-1.666672525356419854e+00
-1.747316109480932411e+00
-1.651991293482295120e+00
-4.116137089963332940e+00
-1.446824715305620401e+00
-9.227950907210217935e+00
-1.908699550587000360e+00
-1.443689504501925569e+00
-1.539117387391723213e+00
-1.765540040825674950e+00
-1.725501795561832807e+00
-2.175887245149599636e+00
-1.630559126417614024e+00
-2.379148393205769096e+00
-1.341620325353943599e+00
-4.657868136359420319e+00
-1.719870738888310768e+00
-1.772328606894744141e+00
-9.734580563070153403e+00
