1.892837536931859432e+01
1.805766656432643202e+01
1.839346915058186838e+01
1.826431600215822115e+01
-1.532164266059069178e+02
2.431164609040883917e+01
2.354918647658628927e+01
-5.632928718358660092e+01
2.371562162780699978e+01
-1.208326295046698249e+02
1.929728907535545090e+01
3.371152054954411170e+01
3.187880415668517742e+01
3.800681962106646239e+01
3.484993701907822583e+01
3.331698885658859410e+01
2.824679985693011819e+00
1.130695019591534844e+01
1.385697949563551923e+01
1.145302159301472322e+01
1.045145890068633676e+00
2.795056221131301299e+01
2.399845888743852740e+00
2.065212531481364877e+01
1.819177390018914764e+01
3.753029745570223241e+01
3.285747865638680310e+01
3.282062388510463791e+01
3.088737033599360871e+01
1.861826270104313608e+01
1.429598862476082388e+01
2.983658690092231680e+01
4.392131652084844795e+00
1.082641935843395764e+01
3.382431073173171399e+01
9.076935068539743412e+00
3.279618032562316898e+01
1.521214130383716068e+01
3.599698889536199431e+01
3.536099728454077962e+01
3.192804189968749817e+00
9.669990908958039810e+00
3.518822733236502742e+00
2.082862566347454703e+01
2.793467410189946776e+01
1.170727594048535991e+01
6.510550092630117192e+00
3.244480645782203965e+01
1.952591591907186341e+01
9.747179321406933994e+00
2.041160585920967918e+01
9.238042572821072440e+00
3.450053322724486549e+01
2.451979995129486412e+01
1.629668123184382011e+01
2.366527805223742575e+01
2.050688277020200090e+01
2.767987628166128089e-01
3.790248113219308657e+00
1.068316834076858868e+01
4.207299566998984552e+00
3.784669666061341076e+01
1.142408839290810718e+01
1.175639395541016796e+01
3.666591857014498146e+01
3.476061272838047955e+01
1.976557909912487432e+01
2.452513490742614266e+01
1.515738675949617154e+01
2.480556422236547220e+01
2.334059890935003523e+01
3.014184658404562001e+01
9.877798171368581848e+00
1.350796912429251684e+01
2.862809241256005777e+01
