nan
nan
nan
nan
nan
1.576106259710374768e-02
5.012514101098375363e-03
1.655611041544546858e-03
1.520604640281331132e-02
4.771879417842939120e-02
2.764777578353339038e-02
4.662616094312388437e-02
4.046263431669938626e-02
2.544395674173460797e-02
3.558795142064608008e-02
3.183911228928737458e-02
3.811228207448313920e-02
4.603982349778978911e-02
3.376230751519970763e-02
5.354375297845481718e-02
3.636833360342717203e-02
4.424986781029294214e-02
6.739517869977651454e-02
8.176050550194091660e-02
7.386404089455622657e-02
1.215534274986076468e-01
1.112377865563622947e-01
9.299934574691359757e-02
1.066931288429096014e-01
9.595199490665839992e-02
1.105014738891803017e-01
1.298023144597606482e-01
2.107665022796869625e-01
2.384001941162096072e-01
1.997845946145978546e-01
2.285400964449909589e-01
1.390023085168994310e-01
2.611745924076683822e-01
3.924181934918453685e-01
3.578246496663581855e-01
2.635940265165618301e-01
1.212855960174406000e-01
1.943010401651841246e-01
6.152948286429582581e-02
8.684282110875851668e-02
1.072492195517497082e-01
1.193647945692803969e-01
1.489623852128670878e-01
1.727060874941166446e-01
1.755546084676367080e-01
1.938023522145488897e-01
2.260292914989515678e-01
2.115486871352009191e-01
1.024044229112590632e-01
1.614236019436211533e-01
1.627422454011859809e-01
1.600123406468714204e-01
1.723205335652717718e-01
1.038545592195120326e-01
1.145794680576883717e-01
1.252131807009745357e-01
1.203467850690109753e-01
1.153986463933518447e-01
9.789254154752968784e-02
6.240836006357974863e-02
5.404827237383458272e-02
8.660654618674368255e-02
7.849823661434629507e-02
8.792120152556370805e-02
5.170847307437353990e-02
7.661088923675318796e-02
3.327566903794232367e-02
4.966575138426576608e-02
4.438090174514042197e-02
8.722089413243860889e-02
6.881806320610217576e-02
5.249089889439662038e-02
2.272528991815225829e-02
3.054702731172942443e-02
1.924890389504496646e-02
3.621271594087871470e-03
3.509243173253628889e-03
1.654044624044948009e-03
2.252241439491209363e-03
2.536432780449016100e-03
3.337223039600933916e-03
6.490436685730238686e-03
3.363266865337388722e-03
5.116029615740202985e-03
2.643621142042085204e-03
5.412168827782393166e-03
2.406139200506030029e-03
1.875605520816336913e-03
3.209944705647060914e-03
4.003101928745644855e-04
1.191714170630464587e-03
7.496156664454911578e-04
1.699685511888815448e-03
1.048045732139235575e-03
2.691065680058946086e-03
2.876059742022984977e-03
2.582633728164251963e-03
1.702133524762117212e-03
1.292155585570387011e-03
2.544709362671038200e-03
1.406280625652733818e-03
2.578793852928140673e-03
2.115529248838510235e-03
2.526865161470936982e-03
2.173183522261035172e-03
1.081965640755022662e-03
1.489488595575627627e-03
1.327311327596225610e-03
1.923746527076830581e-03
1.031081195927652239e-03
1.393592190898074179e-04
4.552438390555968439e-04
2.767201200329916233e-04
2.840623410348408484e-04
2.770316967012353970e-04
4.003560521331772648e-04
2.879099398307438662e-04
2.843500424435374541e-04
2.160267772667312514e-04
1.908233347761578713e-04
3.192111322716240096e-04
2.557980517207125715e-04
4.568029200583412219e-04
1.140632103395766705e-03
8.584076771130932926e-04
2.564090466046775596e-03
2.004088219241251245e-03
2.351425601500145568e-03
1.589220092167886733e-03
9.121937865397278244e-04
2.351831041661367472e-03
1.620104886383200160e-03
3.822024347966412883e-03
1.959970548702005821e-03
2.809195162195798900e-03
3.902125122942412538e-03
2.044824632403963172e-03
3.578267315314187513e-03
4.122906791343972088e-03
2.645073686957433168e-03
1.104643527051418772e-03
6.851435979680076116e-04
nan
