9.204099659768530950e-01
9.057220420386919990e-01
9.748037161596926348e-01
8.638547082671880206e-01
9.197995982711131280e-01
9.807663885049191510e-01
1.021691486987872377e+00
1.005343515561512469e+00
8.811925550466912505e-01
9.619471077466619224e-01
9.151799144684263920e-01
7.917907085068759399e-01
8.994301529761742353e-01
9.097193020603208113e-01
9.431243286284393124e-01
9.939381807669565028e-01
9.021732490224826373e-01
1.020759072425594161e+00
8.299041430482770876e-01
8.304252470277083686e-01
9.228929900060824920e-01
9.810732558804602377e-01
9.236411550098341250e-01
8.993631641963111267e-01
7.404079428262525520e-01
1.005352226219504264e+00
9.425841368475539328e-01
9.651732036830685812e-01
9.596141513433212866e-01
8.990554911314621034e-01
9.770057638320599480e-01
9.185851519314315317e-01
9.236857384459767895e-01
9.143957291698621148e-01
9.593140632261111245e-01
8.768357960991898237e-01
7.776972622193534246e-01
9.765137418334688402e-01
9.873063585526529184e-01
1.000581435003759845e+00
9.569771799467935436e-01
1.176796304591355202e+00
8.804394238995564281e-01
9.847189756571970154e-01
9.551698171439102492e-01
1.016647363785850855e+00
9.646031889338791965e-01
9.328911169682624349e-01
9.226196282508635216e-01
9.675237810801285976e-01
7.850267904798965413e-01
9.124451278572656143e-01
8.548649466175948231e-01
9.470528164229449208e-01
9.067076764876423889e-01
7.498530937117515727e-01
9.949376546586177206e-01
9.692785893240557504e-01
8.681816431424885794e-01
9.998890291054840507e-01
9.997388298821578978e-01
8.618480337728806617e-01
9.838162809765799155e-01
9.778254179751161290e-01
9.663480279326290834e-01
8.765515373951734412e-01
9.331312690800200871e-01
9.525257098401743727e-01
9.738966547388463457e-01
8.851696371485400228e-01
9.592964329957635039e-01
1.012491753924666726e+00
9.584971261701139555e-01
8.499201257264052956e-01
9.396996181432814010e-01
1.004821562996792261e+00
9.348527390748085919e-01
9.640972227903398251e-01
9.146522222748081354e-01
6.703305846782428024e-01
9.169025669821189162e-01
9.239575046432492167e-01
1.111439978590858635e+00
8.478570130776370561e-01
1.005275659679728095e+00
9.181115025384951611e-01
1.001976182754342526e+00
9.332985995457988571e-01
9.515460771236302628e-01
8.990075297201201021e-01
1.028838137315417400e+00
8.804798072131894138e-01
9.815535557079306805e-01
8.370597422494211459e-01
1.016628252638865915e+00
9.295085419771907942e-01
9.473969780776451133e-01
9.337441594513847809e-01
9.746614106100992547e-01
7.641412019719200366e-01
9.422557094264175648e-01
9.060367823105889284e-01
8.887203431313491775e-01
9.322491074532286426e-01
9.978167317116777291e-01
9.252550455880281799e-01
8.583266810227792032e-01
9.756081429544201100e-01
9.374417374692598504e-01
1.469346132417993056e+00
9.549276923496108349e-01
9.693075777509011504e-01
9.768371547850711600e-01
9.594918773834365533e-01
9.432866975022284883e-01
9.377372690073388917e-01
9.765216600974144789e-01
8.363903674173138736e-01
9.577206579614266913e-01
9.676380887241202711e-01
9.040404951301457270e-01
9.786168124657297351e-01
9.548537687611724500e-01
8.659622992584877776e-01
9.526463513294493035e-01
9.155532934187294858e-01
9.679351598008747448e-01
9.490733350813570501e-01
8.362611544540005104e-01
8.467345565366599658e-01
9.775702727824432392e-01
8.620094267154718715e-01
9.084081515620345826e-01
1.000298934995446309e+00
8.439119722451209338e-01
9.571490207885972046e-01
1.021228933466250099e+00
9.822564549749881468e-01
1.005410932082092978e+00
1.010752250196069291e+00
9.402988771378022470e-01
7.651992983090348810e-01
8.806990865086163911e-01
9.555843489208518671e-01
9.550651301268772153e-01
1.030938513505407217e+00
