8.384541682310964195e-01
8.373783636316466383e-01
7.510984713874745422e-01
8.607957140262556539e-01
8.833341395802358775e-01
7.217215118668058871e-01
8.347203719280582579e-01
8.448705652007560962e-01
9.389565969695741199e-01
8.550907356929974279e-01
8.650453389215726485e-01
9.001646572658228429e-01
8.625313304995074759e-01
8.946092479118510354e-01
7.674728783112323427e-01
7.719222905117157918e-01
8.441552800600834461e-01
8.536156447143775639e-01
8.467204672260072451e-01
8.688186973654683509e-01
8.570515976373599409e-01
7.620636084286752654e-01
8.990418046500553428e-01
7.950065767247679327e-01
8.539563523820652424e-01
8.550554046302636380e-01
8.359334239422264723e-01
8.380071995949947006e-01
8.377320734599197349e-01
8.885397089708021445e-01
6.058087037088761839e-01
9.047437664754375275e-01
8.172457678359751343e-01
8.027305185544401089e-01
8.769664332948968744e-01
8.400358392905081795e-01
8.292344684638192076e-01
7.928330891800147162e-01
8.451843659460860358e-01
9.273793291535730177e-01
6.921348851567427074e-01
7.521200471341944471e-01
8.491965378568852030e-01
8.451118196730885712e-01
8.244899809717048944e-01
8.622955338144719928e-01
8.806620125794916154e-01
6.431081637902730241e-01
8.761550690243439243e-01
8.422854418064207316e-01
8.816211272791383280e-01
8.689276554202161051e-01
8.526403934926111150e-01
8.692463374746194349e-01
8.041747313852033452e-01
8.195878214347089852e-01
9.002556488553636882e-01
8.282496822854159557e-01
8.178242406694608002e-01
8.503144778637465873e-01
9.117976429561827079e-01
9.135249439352606249e-01
8.205528705969413750e-01
8.186798925490507139e-01
8.172814364350620142e-01
8.312430911301953440e-01
8.569398710847940803e-01
9.128757610276193590e-01
8.300192523912938158e-01
6.936641563536386501e-01
8.058838613760326286e-01
8.502920274118036525e-01
8.487508022092060678e-01
8.228873097725408758e-01
8.286541328714451815e-01
8.853969552448279767e-01
8.842130610000208391e-01
8.980167331240455075e-01
8.696924457635691885e-01
9.494183359494059449e-01
8.057447016520677963e-01
8.622378708709652617e-01
8.507498899944494486e-01
7.850212867219010793e-01
8.702316854564720039e-01
7.898992398065866061e-01
8.646484210025164874e-01
8.336018572518264502e-01
8.206288057535380265e-01
7.061533605214072029e-01
6.872347814276509315e-01
8.109044251040472551e-01
8.140762221095837470e-01
8.685284747014111462e-01
7.673063344070033542e-01
8.550936025176111288e-01
8.388018559756983406e-01
8.935151780191222803e-01
8.365081576627403370e-01
8.307148533447593630e-01
8.399609587017881074e-01
8.897783534124118487e-01
8.092076921427223679e-01
8.515008386169279353e-01
8.254884070556226527e-01
1.228367587043403653e+00
8.514239409855031138e-01
8.566769134092737659e-01
8.738691567826094575e-01
1.017094447088516151e+00
6.758266043800950085e-01
8.497320148217432090e-01
8.208143625492584361e-01
1.109741229044998390e+00
8.130485072655460055e-01
8.246526270948425497e-01
8.328439072850915004e-01
7.791995289987199147e-01
8.827117464547586945e-01
8.202504796757057459e-01
8.912989567801219426e-01
8.055625967506807594e-01
8.472345743783421534e-01
7.592548136262826652e-01
8.481317682738744868e-01
8.470853603563182066e-01
8.739254965625923299e-01
8.176320247892340243e-01
8.286515848653198679e-01
8.802796669498070825e-01
8.776784553920197185e-01
8.197864837464976517e-01
8.394266093379997296e-01
8.415494079711629549e-01
7.410563686909381609e-01
8.573325396920540298e-01
8.635294754022857511e-01
7.126565296673493810e-01
8.920534402708381050e-01
8.637858140849357103e-01
8.776425322510386096e-01
8.966965317715129835e-01
8.149943236973353766e-01
8.176029198570563539e-01
8.585010408811922789e-01
8.377981154767644156e-01
7.611499834262098751e-01
8.443324169884408592e-01
7.549821911990898249e-01
