-2.021576806001542104e-01
8.247833606462336153e-02
-1.262628548576890386e-01
2.140853223443400441e-02
-1.249619050363639933e-01
-2.190849943473716643e-01
-4.698395843171056241e-02
8.590484050821828310e-02
-1.258817295609958309e-01
-1.275590198353495353e-01
2.298635349430241948e-02
-5.862691567467095272e-02
1.812690309706226771e-02
8.301596693284181427e-02
-4.202253153360174798e-02
-1.276019521400297563e-01
-1.292484586585282980e-01
7.915165198079421316e-02
1.916471395276499734e-01
-1.212682800393832805e-01
6.297503344706796569e-02
-3.198245571779352869e-01
-5.266028283180162334e-02
3.216125037071606435e-02
9.428634113078089574e-02
-2.279434417129209620e-02
-5.245585174305745363e-02
-1.349646099541735034e-01
1.256847344582297417e-02
-2.456558484077618273e-02
1.046698613590012900e-01
-2.156293973099911998e-01
-1.247637018333784958e-01
-1.730540572836105073e-01
-3.762586472630403273e-02
8.438604800688835270e-03
1.557459773527625733e-02
-1.356004123193929323e-01
1.319322223890734003e-01
2.539182741638228505e-02
-4.514238810366691390e-02
-1.062349302074767354e-01
1.059442009284543990e-01
1.794558470259033714e-02
8.935115963403063299e-02
-6.347222576203137567e-02
-1.185922512764534531e-01
1.078990212186118902e-01
-2.956489057476716087e-02
-5.996825579530536826e-02
-4.723176826059784922e-02
2.537793824452046487e-01
-1.169891278543093438e-01
-4.142357353531423564e-02
1.878798564333260535e-01
-1.458948974349073002e-01
7.479668336809595919e-02
7.609324378423253099e-02
-3.122460704993272954e-02
1.500806416377622465e-01
-1.393654499269780522e-01
8.535757397263296631e-02
8.947040533648419058e-02
9.593285292187260505e-02
