-3.398295734871105367e+00
-9.610711896005916799e-01
-1.604182253744488307e+00
-1.697385723319554174e+00
-2.135353434110758286e+01
-1.379472765157062852e+00
-1.434051145581959119e+01
-8.954457358051516991e+00
-2.311933576630954335e+01
-1.226923144145063205e+00
-8.773995412768726965e-01
-1.054942754100156321e+01
-5.682482777712987598e+00
-1.383410467377084174e+00
-1.046224655631599276e+00
-1.309373571615038756e+00
-1.118735248947331229e+00
-1.221575825566254991e+00
-1.518799538580941189e+01
-2.302493759513879468e+00
-3.110591342727337505e+00
-2.357255462012078695e+00
-2.137475719003433028e+00
-1.883270573810053250e+00
-1.075459323563347169e+00
-1.111098178346082932e+01
-8.276643427014267473e-01
-1.147901139699591511e+00
-1.403817583941748381e+00
-1.309501058091472103e+00
-2.049025183693623475e+01
-8.104131165481653909e-01
-1.175848240826493196e+00
-1.203201330525343948e+00
-9.785426983738929607e-01
-7.788150201008438245e+00
-3.493023522317487917e+00
-2.166388824297456850e+01
-2.138270649378180011e+00
-2.005236360429336173e+00
-1.055422274820323025e+00
-4.811549451688859946e+00
-3.681509749588006031e+00
-1.272775827864538911e+00
-1.055496275475528378e+00
-1.026484070586917596e+00
-1.435401297316131064e+01
-1.704602108750934875e+00
-1.163849271768799198e+01
-1.142443431003817622e+00
-1.846387492859564361e+01
-2.176677856447494008e+00
-1.467964064999565110e+00
-8.731570663454892411e+00
