6.743710603130648185e-01
6.750139307269137356e-01
7.090362462004350386e-01
6.579313717561399155e-01
7.313895988880563248e-01
7.530467782952473543e-01
6.974302047762079848e-01
6.540099425417861267e-01
7.269832459624854248e-01
7.341125775351292626e-01
6.623183206826752656e-01
7.268928280599630254e-01
7.184307198622628121e-01
6.801914649410673031e-01
6.702584777820106421e-01
7.037842335291247808e-01
7.085627572527323226e-01
7.151516569041018734e-01
7.043457767963013927e-01
6.680957499070814265e-01
6.035364348983602856e-01
6.139947080095317089e-01
7.075832052809960526e-01
6.062857344018448558e-01
7.016950103167869379e-01
6.179337545408976062e-01
7.426117691921945152e-01
7.650611583282238559e-01
7.148331820650901669e-01
6.057288073646190929e-01
6.828699539826993403e-01
7.483096810150686728e-01
6.977023643826055777e-01
6.463443124464379741e-01
6.511262391635500579e-01
7.626742160925664704e-01
7.140288461261912190e-01
7.425803269170387910e-01
6.461320919177683253e-01
6.911462548108852078e-01
6.718019965075495703e-01
6.692713112419732546e-01
6.582353532824731790e-01
7.365563554474238162e-01
6.640215014401269489e-01
7.518379849182178498e-01
6.877636770944809408e-01
6.805010736026975149e-01
6.414245079662009852e-01
7.352636164055752488e-01
6.970059369384443704e-01
6.873380807706280793e-01
6.807129386570431873e-01
6.958569039045824356e-01
6.455391156674022968e-01
7.453990914346922958e-01
7.124001932429336881e-01
6.829217727762625367e-01
6.482454952209673049e-01
6.633979064586629226e-01
7.281790386100465140e-01
6.680934957981343736e-01
6.712795543227002559e-01
6.511748697823691590e-01
