-2.873743940324107626e+00
-2.535563614960720358e+00
-2.514777430765317234e+00
-2.481644078280961452e+00
-2.709774899603649700e+00
-2.720805060362323502e+00
-2.374700634669487442e+00
-2.555428393683152777e+00
-2.667566975382557715e+00
-4.270558887065678988e+00
-2.297100308831694804e+00
-2.763377000151670870e+00
-2.367509134661956338e+00
-2.649626827411964314e+00
-2.694003403485755399e+00
-2.522763562445454966e+00
-7.617539532963490956e-01
-2.594558003701799009e+00
-2.759638742055969374e+00
-3.830744840191067979e+00
-2.585172117819036330e+00
-4.218500498108127772e+00
-2.751547806126524165e+00
-2.394087525193350885e+00
-3.914161474319316270e+00
-2.900693445235607015e+00
-2.392892887841227889e+00
-1.531588997663615004e+00
-2.439450805250954701e+00
-2.699656623085674667e+00
-2.578377462554064081e+00
-4.137856300424852307e+00
-2.391342879788094677e+00
-2.534977552490387254e+00
-2.596390810269616267e+00
-2.528016963497552894e+00
-2.572697258444856416e+00
-2.606220779499553331e+00
-3.737432696997506909e+00
-2.348736210566448435e+00
-2.438259179603564419e+00
-2.639577044838159026e+00
-1.568240486404775424e+00
-2.526358656874327480e+00
-2.756826083117335457e+00
-2.588337454187351838e+00
-2.398249484115627439e+00
-2.538267508317940013e+00
-3.316955679163285708e+00
-2.494659517527153980e+00
-2.794354075436919160e+00
-2.770936080513411781e+00
-2.591902330756868267e+00
-2.669370385139828272e+00
-2.506275782706604005e+00
-2.674881806148182051e+00
-2.622280698116320252e+00
-2.621844924501104401e+00
-2.449675571723586742e+00
-3.273735999805499119e+00
-2.498694319486274296e+00
-2.394358195642031006e+00
-2.532787924453721473e+00
-2.328860013075056301e+00
-4.150801557676111031e+00
-2.421083442000064423e+00
-2.578508686023686991e+00
-4.242346034969227020e+00
-2.572305932027942887e+00
-2.587009853436079254e+00
-2.626933308335694051e+00
-2.602428586115031806e+00
-3.690229346984287062e+00
-2.347610864171961964e+00
-2.757086310967116205e+00
-2.758185590582476365e+00
-2.287022237524745094e+00
-2.051068665639618871e+00
-2.772334760183067459e+00
-2.598385977431487248e+00
-3.993681828651727272e+00
-2.578865191121218814e+00
-2.577639283146490712e+00
-9.875953206806435958e-01
-2.572081974655388237e+00
-2.405961939541192862e+00
-2.627766379311038847e+00
-2.752000493091307121e+00
-2.415209757570623950e+00
-2.621524019704787989e+00
-2.779082860072199068e+00
-2.718601118809541362e+00
-2.714500784284801682e+00
-2.633643246685814177e+00
-2.474257816774638741e+00
-4.198541603322526683e+00
-2.602639094711195256e+00
-2.570886600415587253e+00
-4.408566763236859032e+00
-2.604339511085935754e+00
-2.686076037278873230e+00
-2.729600396918213434e+00
-4.187059750214007892e+00
-2.492774428124539199e+00
-2.601481111482135233e+00
-2.573043812920728257e+00
-2.477936650833941101e+00
-2.643025579799807900e+00
-2.733327181372649406e+00
-2.892656614812551652e+00
-2.700268880504543390e+00
-2.934935772216864081e+00
-8.280871158439204294e+00
-3.765531652865853118e+00
-1.391721518666323121e+01
-2.597044695223255317e+00
-2.835817904669575285e+00
-2.774118432733565953e+00
-2.731449269386574841e+00
-2.603541099411271986e+00
-2.676857089690905411e+00
-2.961129692763091015e+00
-2.404183596714787541e+00
-2.948150822332600285e+00
-2.930338992929790720e+00
-2.670977299651706716e+00
-2.823377913883831525e+00
-2.725968921202206019e+00
-2.767370484014271881e+00
-2.522015308312191451e+00
-2.778080219732858680e+00
-2.771491674820305562e+00
-2.763613815101312099e+00
-2.629107728549939793e+00
-2.531659978631232377e+00
-2.718263137347909364e+00
-2.588852076611996011e+00
-2.700703053201859660e+00
-2.672516720896897624e+00
-4.197324816994591146e+00
-2.843925784286341241e+00
-4.011708370565994386e+00
-3.816868576927722856e+00
-2.787486718932450813e+00
-2.684418876954193678e+00
-4.028893391400407253e+00
-2.624793370040308105e+00
-2.556120196439103154e+00
-4.399761494670219264e+00
-2.774097725459634844e+00
-2.863664860645148025e+00
-2.690930318877381211e+00
-2.741727480472222922e+00
-3.725538559543931427e+00
-2.559743097177818782e+00
-9.757584389470125075e+00
