-8.297814923162719070e-02
-5.436885968103425393e-01
-1.115921040833151717e-01
-1.240577335157422745e+01
3.648701194858455232e-01
-1.208405462994392110e+01
-1.108322954986420000e-01
-1.236389763598887370e+01
-1.181043238575558929e+00
-1.705354575232789927e+01
-1.466383219315207376e-01
2.183670320906727724e+01
3.269241538879231190e-01
4.449828394068704540e+01
5.568603644447364109e-01
8.554716730663953328e+00
7.873106392191175917e-02
3.047977289966001813e-01
1.383378767584607649e-01
-2.692737641900372000e-02
5.102700334141218458e-02
-2.057327333982357162e-02
-5.700428746888519353e-03
6.640548209824562065e+00
-1.208030929361711935e-02
-2.963966553694865613e-01
-6.368672662762909775e-01
-1.683361896906870925e+01
-1.659913263470696176e-01
-2.970249993720324166e-01
-3.116138823693793691e-01
-1.244819112917559201e+00
-3.901892687211997446e-01
-4.927663159984300023e+01
3.111075148198617768e+01
-9.652619788047445137e-02
1.748425119086623170e+01
-2.950328667169185293e-01
8.256065461166826880e-02
-1.121391456836676043e-01
-2.108146505284821670e-01
-5.999741075107335453e-01
-2.416946809707496868e+00
-2.947342709155236662e+00
-3.627889040366836326e+01
-2.666004893595391056e+00
-1.400049243436442437e+00
-2.077039579379106549e+00
-2.758757148916820334e+00
-2.471526149374521975e+00
5.976205365856126406e+01
5.594836031302182278e+01
-2.424490573756338474e+00
-1.950675512748548446e+00
-5.104810241510676638e-01
6.077093411145833102e+01
-1.882810660619143261e+00
-3.648530463473398378e+00
-2.503910220858779123e+00
4.551029425122378846e+00
-2.144508532799982437e+00
-2.595386776393743489e+00
3.925295587376353268e+01
5.294581832612288252e+01
2.955074316275977386e-01
-3.531467940906113601e+00
-5.882258796648357269e+00
-1.656283732970068812e+00
-1.902750965166132957e+00
5.808864504724302691e+01
-3.438031736642487957e+00
5.176962110264509676e+01
