-9.277259566507040436e-03
3.678780942576338753e-02
4.110096107741014609e-03
4.736328724439431773e-03
1.791300469921679878e-02
1.588599092033916860e-02
5.477804039542206495e-03
-9.603136958870096135e-03
5.459151808749993819e-03
3.918990380461196202e-03
-8.731155670013208969e-03
-2.303646341138232759e-02
4.168616401481699436e-03
-9.597351441317982651e-03
-8.853068266254808527e-03
4.213981802184321029e-03
-9.033376597654978538e-03
-9.056952923794483676e-03
2.836935448147301017e-02
-2.221106455418976264e-02
-1.095241410527705676e-02
-7.765434568579508007e-03
1.514563590626494261e-02
2.823209599363849485e-03
1.840464365607999767e-02
-8.565427097756810049e-03
-9.720872491424756984e-03
4.130785762759501059e-03
3.400628827022274172e-03
3.434964631765183296e-02
3.479661947375234463e-03
-1.009716951000029853e-02
3.503598781942400715e-03
1.891108110829463687e-02
3.971550559742809301e-03
3.490146705026404405e-03
-8.853107778929256849e-03
3.666012223554275962e-03
-4.557377599042183869e-02
-8.945648515541505807e-03
4.428942062375540445e-03
-9.328902865407827025e-03
1.703703165927322391e-02
3.417142094034488712e-03
3.839647976942046643e-03
-9.727202709015614346e-03
1.804712534341206247e-03
-9.432441381596845878e-03
3.153108784333084978e-03
-7.127583132470931629e-03
-7.812209917756262993e-03
1.188850284190152637e-02
3.032864674881466382e-02
3.366098284434428795e-03
-9.722101562640545619e-03
4.838545736708966052e-03
-7.004817728985130929e-03
-8.376897832485496673e-03
4.775204849358374339e-03
3.779675458698648211e-03
-8.448817193426520419e-03
6.363039013754701392e-03
-2.242743679412569774e-02
-9.266141097738796531e-03
-2.589811810013315993e-03
2.460642797761352068e-03
4.054976205783305393e-03
-2.869733838866750375e-02
-8.197483419188529574e-03
-8.751087019248871002e-03
4.120302840286740528e-03
2.975930680804822134e-02
-2.576427728267844958e-03
3.803345919743037450e-03
-8.603777413034663715e-03
-2.179029650245524821e-02
3.862877628471892387e-03
-2.170170329024699585e-02
-8.889369326105907299e-03
-1.883653349783060219e-02
-1.482606647993861722e-02
3.765651954765871900e-03
4.216423800450570802e-03
3.246308881641653179e-03
4.652223401873811608e-03
3.765424666977992222e-03
-2.016221769887977314e-02
-2.425117840285111181e-02
-1.145791695128934792e-02
2.941399157680848336e-03
4.202281635987788026e-03
-8.532037905832226196e-03
1.424000688707053458e-02
4.079547284837872247e-03
1.712913207136523494e-02
2.854932302471354516e-02
-9.466712488257939678e-03
3.417032599111280520e-03
3.764117928683958711e-03
2.234026153183208373e-03
-8.859683142625840099e-03
-8.571771571569115553e-03
1.602985896121083415e-02
-3.002519711797844992e-02
3.859535853738975657e-03
-2.095476588564793019e-02
2.999226518881584896e-02
-7.083867996367416292e-03
2.630872908129617757e-03
2.794450062478574803e-02
4.886475197837398740e-03
3.628335038042109720e-03
-1.026200016830387113e-02
1.569920379069401559e-02
1.638924297465337021e-02
2.882607843478126458e-03
-8.794672936531355845e-03
4.579573496602051992e-03
1.652071401064915748e-02
-3.583962602315296161e-03
3.792133953604661864e-03
5.574744032008424957e-03
-2.144188241869869616e-02
2.132053194308696376e-03
4.453977320373496418e-03
-1.041767481083695664e-02
1.864708384047901457e-02
2.987926092316683935e-03
1.476022898822122904e-02
4.243003684917426126e-03
1.792602090463276537e-02
-1.264422782719918856e-02
-9.111256384867373950e-03
2.248056797967592363e-02
4.493099871384628914e-03
1.484584912535979150e-02
-1.386617838495794730e-02
1.579019382610567790e-02
3.966939775854144007e-03
-9.409690414158830563e-03
2.954682615496892484e-02
-9.341250980713198745e-03
-9.660649410770929743e-03
