2.263581117985394542e+01
7.409138269619633732e+00
1.312823574162675122e+01
8.813588448179590529e+00
2.562271509104389722e+01
1.315779507494601930e+01
1.213173612417686442e+01
2.128405070330686399e+01
3.040700087271612162e+01
1.872298312675717824e+01
1.925604622472369698e+01
3.429278962984319179e+01
2.783891666293878941e+01
2.949781605869329582e+01
6.514998011625539931e+00
3.250002264661303286e+01
2.870585330287233106e+01
1.843192705112725704e+01
2.789368952283254544e+01
2.891796497744680750e+01
2.912384194137964144e+01
3.828344455057950313e+01
2.829447198285944864e+01
6.353406013816639941e+00
1.865721043891601738e+01
3.759932544732604498e+01
7.505472804622122851e+00
2.753848018288786292e+01
1.528719570597142052e+01
2.428053376801517160e+01
2.783624954221960124e+01
1.933471181341592526e+01
2.094064807966569930e+01
3.683025779541959110e+01
2.725636789507780122e+01
1.484900608458771920e+01
3.324506789818096308e+01
7.892422164856451872e+00
9.257806661235491674e+00
2.409303857582134256e+01
8.617023671233265958e+00
2.147961918259019143e+01
1.205569960420459630e+01
4.889963867372298267e+00
3.171850703765401036e+01
2.131664269149189295e+01
3.615329301679953744e+01
7.663645723899747964e+00
3.132237009955161966e+01
2.250216211545452083e+01
1.381990392104373377e+01
3.339481293525836492e+01
1.872967129588558421e+01
1.825283963747524041e+01
3.662083067511001389e+01
2.018303133106520875e+01
2.714151857246493904e+01
1.009769599109276861e+01
9.158276096317656823e+00
2.803190098573740130e+01
1.852956040596156484e+01
2.794548950214426952e+01
3.563167861145809923e+01
1.301883328029413533e+01
9.069536845411967363e+00
3.675391038745358685e+01
2.173182087503772308e+01
2.449472350068956317e+01
1.774981170220848625e+01
1.372387716703006788e+01
1.685839128972058987e+01
1.281020778460267806e+01
1.639249134019161502e+01
2.815076713561852628e+01
1.829417056435995192e+01
2.500696590777810258e+01
1.345880765239572163e+01
2.832768395610055023e+01
1.776258699597926238e+01
2.426679516162984740e+01
1.736290834221636814e+01
1.181001687250085830e+01
3.434174436478053849e+01
3.128150779383939906e+01
3.239478922028459351e+01
1.150891884576294011e+01
1.925269908866971846e+01
3.210814766275239407e+01
2.420926016562428984e+01
4.011145245534314618e+00
5.133005891595495029e+00
3.533869996162510319e+01
3.073134593097928047e+01
2.176662954876852041e+01
7.462982037167778415e+00
1.785099417574009095e+01
1.506469044463409013e+01
2.616678542471846569e+01
3.152463920175902246e+01
1.010581938820204329e+01
2.312750374331853465e+01
3.011188614118680107e+01
7.743397532910853087e+00
1.865540065526484170e+01
1.532047511712200638e+01
1.323089049647198046e+01
2.679985998610860065e+01
2.031284836286894802e+01
1.652705956679266563e+01
2.638113697684971726e+01
4.287294060629911030e+00
1.943962507873548873e+01
1.217415939307138473e+01
3.431888950159439844e+01
3.752926031295407228e+01
2.724232111114169896e+01
2.106148843723316944e+01
2.098637004558605668e+01
2.954542989469520364e+01
8.615814477399194260e+00
3.395813695914920771e+01
2.919044675077606854e+01
2.811785128640774545e+01
2.766612218132230439e+01
1.151995085805124042e+01
1.177331049945199659e+01
1.252253879428730343e+01
4.212210883862207211e+00
1.447187132521734476e+01
2.253099224349154284e+01
3.057428302164325018e+01
2.527190832100244933e+01
1.097968233413358341e+01
3.268234371656580350e+01
1.137956930356069130e+01
3.557567894781837481e+01
2.338489337843320826e+01
3.040972137591232638e+01
3.352206179988367296e+01
3.432516845146452766e+01
3.078898202543939888e+01
2.510998099995575217e+01
3.695466655135130196e+01
2.175593423276625771e+01
1.813357249088831935e+01
6.904433925882292655e+00
1.908340977238893998e+01
3.298784350673967936e+01
7.521985483509174841e+00
