1.238117806129555021e-01
4.633609111153797144e+00
5.099994874211948748e+00
1.413233780515664151e+01
2.164540997249439513e+01
2.450384414330159544e+01
5.814701700701286669e+00
1.482385873384032493e+00
1.206664805472820845e+01
1.705920293331268311e+01
2.402464113121508049e+01
2.821490594157500098e+01
8.090595539563587124e+00
3.571385988826484947e+01
3.487622960904585057e+01
3.721844776545459155e+01
3.006898038093165582e+01
3.454563873748894309e+01
3.447312523550678520e+01
1.591716020675752752e+01
1.501924484707640239e+01
1.497347688384288489e+01
1.233192812208723055e+01
6.954441707625671931e+00
2.327625226829900740e+01
2.632432705187353861e+01
6.678164272166952742e+00
7.674182537324248266e+00
1.815789903026551855e+01
3.192757359219367430e+01
3.234704318985296112e+01
8.806010100537227103e+00
4.027008600293297214e+00
1.934622168320063906e+01
2.208237634055716114e+01
7.212015283532298149e+00
4.079557323522392309e+00
2.964103664136474237e+01
1.004446052434870396e+01
9.081097019642372814e+00
8.171875652785271171e+00
2.112759640034700936e+01
3.192864837309946324e+01
3.021136312923237455e+01
3.197078757441606456e+01
3.322007032049325659e+01
1.182703960656187192e+01
8.840445810974728147e+00
1.246061266667934930e+01
1.285101423757686057e+01
3.239217904963112460e+01
2.755927305967498953e+01
3.238419212834563155e+01
1.968524866859661770e+01
3.332294282913287731e+01
3.457346512405287342e+01
3.426839398187640029e+01
1.163355295691538771e+01
8.379606554783245898e+00
7.678196637342236563e+00
1.079464759761147619e+01
4.986145170734156196e+00
2.069609314964851787e+00
2.378471015230684049e+00
3.508605303425474631e+01
6.765330147014889661e+00
2.646896156246047127e+01
1.212399732388123041e+01
2.213322957913907985e+01
2.482402907602040898e+01
3.450624402741598828e+01
6.542173520415304644e+00
2.587757305970265875e+00
2.738759556686606089e+00
2.699334201587508275e+01
1.106545302888474325e+01
4.983421424416791368e+00
2.088354052989753029e+01
1.258775799121857553e+01
2.774235551394137644e+01
3.520628127796493345e+01
3.264208542401486568e+01
1.517561400081687140e+01
2.701132946262822543e+01
1.660577456543868635e+01
9.217239932169912109e+00
4.533198956415112946e+00
1.669417332159044776e+01
6.634444791407157815e+00
5.663193657722688457e+00
2.239388469175755958e+01
3.013667183361236823e+01
1.823378280726453582e+01
1.375815214050881963e+01
6.355227477226311983e+00
1.229504261771375440e+01
3.328710383566922815e+01
3.458102213611712017e+01
2.636739652159917924e+01
1.589666063144212416e+01
2.412813548860760093e+01
1.057624308994739515e+01
2.070543630806696456e+00
7.231179592508278908e+00
2.017837057868332096e+01
2.545630175063848100e+01
1.135834610868628758e+01
2.104235126558278068e+01
8.185490393844339962e+00
2.336346287653847043e+01
2.462398551865292262e+01
1.292455166740260886e+01
1.669126313084350111e+00
1.908040334980691100e+01
8.425780882874445155e+00
4.748198756997902059e+00
5.582918619113768521e+00
2.568550952129125164e+01
2.530084859912131634e+01
1.340404623590798394e+01
2.145238348623814773e+01
1.063990899108214450e+01
1.343046033487592439e+01
3.306440632053295303e+01
3.505564574842843228e+01
2.147644045180598127e+01
3.018420769325230069e+01
2.783547854451278525e+01
2.536674702683788851e+01
9.385036499990137671e+00
7.127430990129084876e+00
2.011901520768344298e+01
9.021280221253203280e+00
7.892235274898859565e+00
5.562517489976060325e+00
6.352011345483481897e+00
2.044472869874914167e+01
2.294821056337532994e+01
3.420683310177615510e+01
3.491002660844539918e+01
3.349606380689161966e+01
2.063263169103442252e+01
4.913039870696076505e+00
4.035018711218954834e+00
3.214513421061894860e+00
5.501362930878896051e+00
2.559644134414669736e+01
3.437465117409900017e+01
3.451780661307110876e+01
3.090216793334473167e+01
3.305301930807110722e+01
3.408675121431197397e+01
1.730311850260166295e+01
3.620904122358510335e+00
6.974178334917896294e+00
1.774544983358990891e+01
