1.166666666666666685e-01
7.166666666666666741e-01
1.216666666666666563e+00
1.666666666666666741e+00
2.066666666666666874e+00
2.366666666666666696e+00
2.966666666666666785e+00
3.516666666666666607e+00
4.133333333333333748e+00
4.883333333333333748e+00
5.599999999999999645e+00
6.250000000000000000e+00
6.866666666666666252e+00
7.433333333333333570e+00
7.900000000000000355e+00
8.516666666666667496e+00
9.216666666666666785e+00
9.550000000000000711e+00
1.013333333333333286e+01
1.073333333333333250e+01
1.134999999999999964e+01
1.186666666666666714e+01
1.226666666666666750e+01
1.261666666666666714e+01
1.296666666666666679e+01
1.341666666666666607e+01
1.383333333333333393e+01
1.431666666666666643e+01
1.513333333333333286e+01
1.563333333333333286e+01
1.643333333333333357e+01
1.701666666666666572e+01
1.758333333333333215e+01
1.806666666666666643e+01
1.848333333333333428e+01
1.888333333333333286e+01
1.935000000000000142e+01
1.981666666666666643e+01
2.021666666666666501e+01
2.068333333333333357e+01
2.125000000000000000e+01
2.186666666666666714e+01
2.250000000000000000e+01
2.294999999999999929e+01
2.328333333333333499e+01
2.383333333333333215e+01
2.446666666666666501e+01
2.494999999999999929e+01
2.555000000000000071e+01
2.633333333333333215e+01
2.698333333333333428e+01
2.776666666666666572e+01
2.810000000000000142e+01
2.885000000000000142e+01
2.951666666666666572e+01
3.003333333333333499e+01
3.066666666666666785e+01
3.130000000000000071e+01
3.181666666666666643e+01
3.228333333333333144e+01
3.308333333333333570e+01
3.356666666666666998e+01
3.391666666666666430e+01
3.435000000000000142e+01
3.501666666666666572e+01
3.553333333333333144e+01
3.610000000000000142e+01
3.678333333333333144e+01
3.743333333333333002e+01
3.804999999999999716e+01
3.841666666666666430e+01
3.918333333333333002e+01
3.953333333333333144e+01
4.016666666666666430e+01
4.075000000000000000e+01
4.118333333333333002e+01
4.156666666666666998e+01
4.193333333333333002e+01
4.245000000000000284e+01
4.306666666666666998e+01
4.371666666666666856e+01
4.403333333333333144e+01
4.438333333333333286e+01
4.501666666666666572e+01
4.551666666666666572e+01
4.598333333333333428e+01
4.635000000000000142e+01
4.668333333333333002e+01
4.718333333333333002e+01
4.768333333333333002e+01
4.808333333333333570e+01
4.848333333333333428e+01
4.886666666666666714e+01
4.935000000000000142e+01
4.968333333333333002e+01
5.076666666666666572e+01
5.110000000000000142e+01
5.186666666666666714e+01
5.233333333333333570e+01
5.286666666666666714e+01
5.313333333333333286e+01
5.343333333333333002e+01
5.396666666666666856e+01
5.500000000000000000e+01
5.541666666666666430e+01
5.571666666666666856e+01
5.601666666666666572e+01
5.681666666666666998e+01
5.735000000000000142e+01
5.814999999999999858e+01
5.858333333333333570e+01
5.914999999999999858e+01
5.970000000000000284e+01
6.020000000000000284e+01
6.075000000000000000e+01
6.166666666666666430e+01
6.203333333333333144e+01
6.241666666666666430e+01
6.296666666666666856e+01
6.354999999999999716e+01
6.386666666666666714e+01
6.446666666666666856e+01
6.508333333333332860e+01
6.545000000000000284e+01
6.576666666666666572e+01
6.633333333333332860e+01
6.681666666666666288e+01
6.741666666666667140e+01
6.816666666666667140e+01
6.851666666666666572e+01
6.890000000000000568e+01
6.931666666666666288e+01
6.973333333333333428e+01
7.031666666666666288e+01
7.071666666666666856e+01
7.126666666666666572e+01
7.184999999999999432e+01
7.236666666666666003e+01
7.276666666666666572e+01
7.325000000000000000e+01
7.393333333333333712e+01
7.438333333333333997e+01
7.490000000000000568e+01
