1.057164804032481760e-02
-3.447226588959722421e-02
-1.548835567476885416e-02
2.074995300878128973e-02
3.279141016111225548e-02
5.739145739149705688e-02
1.091705503072660198e-02
6.463491174054240840e-02
3.411864710870986337e-03
8.236569748804982438e-02
1.794048714708480763e-02
-1.942316350679766379e-01
1.096794860820750686e-02
-4.192763806651262914e-01
3.998428815818897732e-03
-4.697628468272341956e-02
2.820297270743594639e-02
1.896892220216329916e-02
1.116330467232898999e-02
-4.390208986302922972e-02
-2.987798240042138678e-05
1.037691926321372173e-02
8.441054155827600741e-03
-2.487724743386422743e-02
-3.398433839160475232e-03
2.779737304451998514e-02
4.207600417945400045e-02
7.197183198925075076e-02
1.297911048752894286e-02
3.513375014145594943e-02
4.606310641559900609e-02
2.475868825186978636e-02
-1.871389577563093223e-02
4.256831052009516503e-01
-2.068859155703435815e-01
1.123101267047445576e-02
-1.633880191275386418e-01
1.694596296327006285e-02
6.576132866030093716e-04
2.279520776575338914e-02
3.997271665801918096e-03
-1.831320978097323833e-03
3.107591416658777791e-02
1.912810111505422114e-02
1.586418068438837370e-01
1.052592631014280800e-01
-5.620187155201961104e-03
2.644306979709824812e-02
2.918900601155087482e-02
7.938901002162765397e-02
-6.711141863787714046e-01
-5.600505810503488835e-01
5.973178859776339528e-02
7.235526305250232493e-02
8.225130550491429118e-03
-3.960774610584584798e-01
-1.402018977023544635e-03
6.354092720327883526e-02
4.882133387403655295e-02
2.916971530988973771e-02
3.017293165590899731e-02
2.745069801580228910e-02
-4.606305548933960492e-01
-4.976640632529725217e-01
-9.269476987265079168e-03
2.259406412464528419e-02
7.513037464613717131e-02
-2.776556428580079314e-03
2.576864309604047845e-02
2.897895459226492720e-01
6.982792200842766195e-02
-4.715077957985141510e-01
