nan
nan
nan
nan
nan
4.772181907043153704e-01
5.229925489481415113e-01
6.582252014648286575e-01
3.237915865063591969e-01
3.883560331884294836e-01
4.924524736495405897e-01
6.190042913604871799e-01
7.048174618390476986e-01
7.701478640023123878e-01
7.833010941820648387e-01
5.951775145079241103e-01
5.788803119086102233e-01
4.149471366373373993e-01
9.503533442107092721e-02
1.153730617750361453e-01
1.532683610266970531e-01
8.401808998731996603e-03
1.753580257863118774e-02
2.242378815491907762e-02
1.762812070938146736e-02
3.347223393816567416e-02
4.898084279246128769e-02
6.382309431330746019e-02
5.370076494419795399e-02
3.404643834522602663e-02
3.077829051046743203e-02
2.906550346325609269e-02
4.362881186051348337e-02
2.799651351145238110e-03
7.020226237536064673e-03
1.416682180185013795e-02
9.185463176877073366e-03
9.964953477394233872e-03
1.227193451624086773e-02
9.205754921694508930e-03
1.447016584595317568e-02
1.384620108648904058e-02
1.249927349726764891e-02
8.834396902209107338e-03
7.677920087911793701e-03
9.901160530443764429e-03
2.430781844935203662e-02
1.665385271625896557e-02
2.158675189754510892e-02
1.886220273722982732e-02
1.129682004711074494e-02
1.118444109922411833e-02
1.090900323915733328e-02
3.444156776486329008e-02
3.507988409481577197e-02
3.116225188718679817e-02
4.608243824243474229e-02
5.550190936871868264e-02
7.945443443832289621e-02
6.677611367740732273e-02
8.273205205860412192e-02
9.143648851565211455e-02
6.165437971404952311e-02
nan
