2.973909016278980869e-02
-3.767814550062666829e-02
-1.007670747879024081e-01
-2.078717907481524296e-01
1.961174569326317244e-02
4.370325402888682043e-02
6.016093005901097801e-02
2.260765694262261150e-01
-1.193336726829352240e-01
2.429315366652872246e-02
-5.997987825484415308e-02
1.066490603411125448e-01
-1.110988698070161651e-01
1.811261427014324021e-01
3.404485616302190265e-01
-5.037027981192863935e-02
8.511831145034989832e-02
8.555197111848883429e-02
-2.787027953189863058e-02
-5.547061976344309919e-03
-1.223323868956936178e-01
3.981723949311515021e-02
2.718439231396928280e-02
-1.219000675142672269e-01
2.302489256479816476e-02
1.382128804981835046e-01
7.486469135361857596e-02
1.948889426123059931e-02
1.553949258216903197e-02
-5.710334871620489222e-02
-1.241934527827208978e-01
-4.360985594286376221e-02
-4.812414652596885140e-02
4.601241605160964754e-02
-3.795045003233980113e-02
-5.591704571333253049e-02
6.773050551272262465e-02
3.771253129353681344e-02
-3.655975941789506301e-02
-4.097851715103672382e-02
-1.189896293145105283e-01
-4.659168638059668632e-02
-4.349633370919377823e-02
6.602569419958741193e-02
-3.940797813475455796e-02
1.774005118696663982e-02
2.374960849158924345e-02
-3.994530639520291887e-02
-2.013975553672832930e-01
2.374466201495920373e-02
2.112173098976427230e-02
2.153187298074067391e-01
-4.161788657754357523e-02
4.172912993534168974e-02
-4.367945975911936840e-02
1.316664137574957705e-01
-1.259852495259400351e-01
-3.974406925349938807e-02
1.791984368124190097e-02
-2.213143927908202968e-01
-5.072654991100307431e-02
8.055880682059637921e-02
1.404711502709028448e-01
8.879764259262742931e-02
9.604124578950062885e-02
5.099727356815947354e-02
-1.031250935405222391e-01
-4.633597304867635019e-02
-3.763979034320470707e-02
-2.048289706766479312e-01
-2.125429076366106007e-01
-4.257886280215075064e-02
3.725357538516050476e-02
5.573805568798007731e-02
8.382960626266822146e-02
9.018522810012427615e-02
