-4.837665047277152297e+00
-2.856032152941521574e+00
-2.739057590329347036e+00
-2.799371339554380000e+00
-1.267132421124303576e+01
-6.848131069430552387e+00
-3.247574718902503932e+00
-2.647633314311411468e+00
-2.565993259687804340e+00
-2.876421606117544272e+00
-2.728457817050895073e+00
-3.836385558456514744e+00
-2.803002692326492351e+00
-2.743468967978291317e+00
-2.752070111766531824e+00
-3.109981445188847005e+00
-3.015440187394956340e+00
-2.988397306526639596e+00
-7.894365670746559260e+00
-2.593992652776165642e+00
-2.513848252163297659e+00
-2.682454833286898932e+00
-2.716473519587086827e+00
-4.303314951335579508e+00
-1.357528286631348990e+01
-4.279255135375453989e+00
-3.821443925653557727e+00
-2.802188103469589464e+00
-6.718578493963551779e+00
-1.016681027249160607e+01
-2.967261175732152978e+00
-4.174405709768199912e+00
-2.632398382013079186e+00
-2.423469740483081836e+00
-4.263549413748764394e+00
-2.813855609057323903e+00
-3.064583853970088256e+00
-4.076458715595759230e+00
-3.393804475905747964e+00
-2.900726232306453767e+00
-2.159198789547833286e+00
-2.492931646387280153e+00
-2.867607093012328079e+00
-2.916110122709058672e+00
-2.824687803868560110e+00
-2.956718826094746788e+00
-3.086661140092221700e+00
-4.172793181107866900e+00
-2.429061886820178984e+00
-2.843948941493811944e+00
-2.621354385978701629e+00
-1.360703747908521422e+01
-4.882637688659436037e+00
-2.849216113510328441e+00
-1.403186505755445523e+01
-2.633764966809021502e+00
-7.217609007852875180e+00
-2.380787109087062703e+00
-2.858657738332874843e+00
-2.681030816122547122e+00
-3.100481333057906852e+00
-3.053361597552859408e+00
-2.873594746087507090e+00
-2.915803568200917795e+00
-2.142079881088169913e+01
-4.531157896366513782e+00
-2.848239973502911582e+00
-1.094594849501267220e+01
-2.703172443908908207e+00
-2.845848380708838832e+00
-2.775747483850587116e+00
-5.770510931618668238e+00
-1.165806331535675255e+01
-4.206932393054978903e+00
-2.796845180121373176e+00
-4.330542408240424024e+00
-4.749159828480706835e+00
-5.104258183946011940e+00
-4.418231377637637181e+00
-2.761305958166314412e+00
-1.288417831985461959e+01
-4.209337285674362050e+00
-2.564803658713559642e+00
-1.707199265294772772e+01
-2.433057986005984219e+00
-2.828715518863900158e+00
-2.820065093424592106e+00
-4.160086961974593933e+00
-4.420983999120085883e+00
-4.541339597633964331e+00
-3.988124213573412291e+00
-5.227581658636722750e+00
-2.801261382961616420e+00
-2.846066030313803452e+00
-4.828701627544139896e+00
-3.495919672759701058e+00
-2.420280453368771845e+00
-2.511184525906182685e+00
-4.118025929636782934e+00
-2.729281827621472090e+00
-4.037530764740171918e+00
-2.827339160775180105e+00
-3.578401318298819689e+00
-1.435979288923542185e+01
-2.832295181145017438e+00
-2.804106148982111080e+00
-5.821267745133457794e+00
-1.133421040928630319e+01
-7.964347262889095447e+00
-3.679363828469224273e+00
-2.835249920368953624e+00
-4.759638788540213383e+00
-2.716340359538097715e+00
-3.871635963834567207e+00
-4.367711760869163129e+00
-2.959317884817114219e+00
-3.041219750225907958e+00
-2.620380599815288036e+00
-2.936625868270468231e+00
-3.093892455342217573e+00
-2.814741501681822911e+00
-2.588193055887138883e+00
-2.764517584589423649e+00
-3.230108049418809912e+00
-2.672754843182651996e+00
-2.575639704355841886e+00
-2.656259723273388218e+00
-2.642258711014761730e+00
-2.671568425862608009e+00
-2.705118031959795388e+00
-3.905968749450103417e+00
-2.768437669856570693e+00
-2.911333460019584152e+00
-1.546077839344571814e+01
-2.938008729342829639e+00
-3.822719477745907923e+00
-2.145469622325322234e+01
-2.953002111829576393e+00
-2.826166803091709312e+00
-4.127601376933762722e+00
-2.845955930974072956e+00
-4.502490867376103267e+00
-2.539668887825268229e+00
