4.777778870374277398e-02
-3.365377605510332104e-02
-3.587997180226466104e-02
-7.256252427263234703e-03
-2.908619077519347326e-02
8.481942729622460667e-03
-4.569115859713974992e-02
6.367995191559430203e-03
3.034558309719102495e-02
-1.593880186389583231e-02
7.576940829947034599e-03
1.217840261342189451e-02
3.198668303551812590e-03
4.161997264989281825e-02
-5.558027488596621601e-02
-2.996751454993841490e-02
2.565332559063904228e-02
-1.294881569328822438e-02
4.271151848869294242e-03
3.833855779589043656e-03
-5.037049526276064088e-02
-3.974205886912614283e-03
-3.182882426252717743e-03
1.852407205370354762e-02
-4.316076421493448938e-03
-1.172604315293824563e-02
-1.512822337798297619e-02
9.072435936969327000e-03
2.172347919864478158e-02
-1.908500262928385094e-02
7.569114983539293896e-04
6.906877881634727531e-03
6.773795116664586835e-03
-1.792695729961224158e-02
-1.999077521785352571e-02
-4.242544874380201059e-03
-2.591408306599873868e-03
-2.241525568938414030e-03
-4.732794889672049810e-02
-6.695751156727851837e-03
4.856034993541016170e-02
3.094135492673785737e-02
-2.002374844026235182e-02
2.023075143464552611e-02
-5.734663505949129034e-03
8.519144213822186715e-03
-1.675137457457310727e-02
-7.621040931261404729e-03
-2.055138304815102429e-02
2.070950003159225533e-02
-3.003841451100697571e-02
1.991166216233637015e-02
-7.155418694445643546e-03
-7.578449107273683982e-02
-1.877602939808810031e-02
-3.915405697265896684e-02
-1.950061483229205764e-02
-7.252099058578096065e-03
7.408618849151480529e-03
1.260936412058128939e-02
-5.318195445278775177e-03
-1.566960867528507592e-02
-3.797401491710331728e-02
-1.287088081587398763e-02
1.278753876587984499e-02
-5.887658290822628607e-03
3.204169932329875570e-02
-4.700931456783337056e-03
1.880869000684754280e-02
7.620025281545395393e-03
4.415519421250450882e-03
3.812698071218960372e-02
4.957824463616589128e-03
4.488184928408713720e-03
-3.086456818673468869e-03
-7.240252186596763187e-03
