2.602516466737370138e-02
2.340003231800925576e+01
2.845742281592805156e+01
3.425409959208631960e+01
4.345185000824282895e+01
1.372624867055640130e-01
-2.261150609690721680e+00
4.993054536685235384e-02
2.404482350004381885e+01
3.552453852642576493e+01
-7.007700053111772798e-01
2.158106946050372676e-01
2.789544472080397952e+01
3.833186707088384604e-01
7.861779626614862071e-02
-4.512059409766038670e-02
-5.975372037031876360e-01
1.834711389136879367e-01
-6.289682813119503724e-01
7.165686447909922485e-01
4.348464902027217305e-02
7.790097416260196361e+00
-7.183224351800338248e+00
-8.130405445807696585e-02
2.628173913157468289e-01
-1.617776409569546547e-01
-1.812133515146695240e-01
-1.284256949052144103e-01
3.372796057430355043e-01
3.348736785998005505e-01
2.587186250296986123e-01
-4.837350191787981868e-01
4.643781498257916751e-01
-3.234729304961311280e-01
6.984190970690974665e-02
1.183653118795612580e-01
-1.333216462074051367e-01
-3.423603599568974531e-01
-1.092633040665166311e+00
-1.337161671651460881e-01
-2.760630341493001128e-01
-6.601605319484243894e-01
-5.996043908332298056e-01
-7.210605812327912367e-02
-3.564342426077473508e-03
2.253693126225925908e-02
3.594017382846115272e-01
1.509358138116090320e-01
1.534381776725831648e-01
1.124932709638420680e-01
-3.078729597241545157e-01
4.361518389353225000e-01
1.468603546503823021e-01
-1.418144432126575705e-01
4.606142810392952619e-02
-3.637580993007805130e-01
-3.968000681621708825e+00
-8.813339459000054665e-01
-3.254326488798230388e-01
1.844133347341823936e-02
-5.524647195421049650e-01
2.086799575986537925e-01
5.399235053005213558e-03
-1.931623404470076411e-01
1.379372345069896366e-01
7.011106947963298419e-02
-4.640199078242630837e-02
-1.468990755981849396e-02
-2.246977146145701376e-01
-6.751451869061940725e-01
-1.102947891753869980e+00
1.936640933171475051e-02
-5.665139445338590596e-01
-6.633595058023104840e-02
1.373603368608996844e-01
