-1.066782806845018428e+01
-9.937862729870708733e+00
-1.242647189285480636e+01
-2.520657597006364270e+00
-1.622048772507980274e+01
-6.045791824732781095e+00
-1.170808720044000495e+01
-2.013087831676438100e+01
-4.309287544811146731e+00
-1.321314220739583334e+01
-3.110797276324435146e+00
-6.476937841530647333e+00
-9.195120975204005731e+00
-1.311801389127692730e+01
-1.526789703005680465e+01
-1.636978697310632214e+01
-4.047291881325627116e+00
-6.132823715557769617e+00
-4.803263917155911500e+00
-1.100064789573558599e+01
-1.779476112997997461e+00
-2.559965329344439766e+00
-3.379715469057812172e+00
-5.187626331604960228e+00
-1.032112428133529392e+01
-5.624676070466579247e+00
-1.430822931427648470e+01
-1.509105519647124183e+01
-1.259500539429236454e+01
-4.570817720042327892e+00
-2.204600595161020493e+01
-7.081466353944167125e+00
-1.594421674532778255e+01
-2.680468840027447897e+00
-3.105167851845743954e+00
-1.548376907667872260e+01
-9.012072827147338927e+00
-1.162673605622628514e+01
-6.746375160143594840e+00
-1.122919042768848286e+01
-3.339489936083188226e+00
-1.621105004023222307e+01
-4.780816780425837464e+00
-8.792171357414108712e+00
-1.844326330403024272e+01
-1.939948351641429625e+01
-7.874730558203502540e+00
-1.797818095302860186e+01
-8.805222789174191433e+00
-1.195191503833754254e+01
-3.275135025606626726e+00
-9.372799351359557107e+00
-7.898386220402414892e+00
-1.672711021421181243e+01
-3.890029895487927547e+00
-1.113030331403573925e+01
-1.026126536889279350e+01
-1.015756585704721360e+01
-3.045824967113359705e+00
-1.617209875454971169e+01
-2.854339142528619533e+00
-3.276425452789158754e+00
-5.553088511128695615e+00
-1.307646524527319443e+01
-6.295019779874719390e+00
-3.632653258358255144e+00
-1.493829767116853091e+01
-1.007264898699993694e+01
-9.650255580535286981e+00
-1.151025697149119154e+01
-3.928188233244416239e+00
-1.685428699409246889e+01
-2.214341297337281489e+01
-3.268732801784903330e+00
-1.783523476371365390e+01
-4.923313180625546792e+00
-1.606317605764830958e+00
-5.395320519751541255e+00
-5.137605004565299893e+00
-8.767622066563870220e+00
-1.033045408032467449e+01
-3.549110714276375589e+00
-4.446486854799472255e+00
-3.675725747149511946e+00
-3.261262927085903485e+00
-9.828709492179623197e+00
-4.982445072314604317e+00
-3.048974703981755852e+00
-6.154401369686116396e+00
-3.971565339867547451e+00
-1.284661063635480005e+01
-9.150874839238365865e+00
-3.765906940930706881e+00
-3.500669974069541723e+00
-2.593570779011315608e+00
-4.068417969973175730e+00
-4.686875182139687013e+00
-2.942815742862052275e+00
-4.529324642827917913e+00
-1.080216812613922528e+01
-1.026107047502990355e+01
-5.343692618808677963e+00
-7.837418031076854419e+00
-1.268986805263413231e+01
-1.180509732754627095e+01
-3.122175737850781729e+00
-4.124277968751618673e+00
-8.935133303543985051e+00
-3.567418849228065625e+00
-7.042263034192719928e+00
-1.295799393160888613e+01
-5.115963738569961450e+00
-6.284452566593055067e+00
-2.899387954759715669e+00
-2.911118035364349765e+00
-1.002051821561989087e+01
-2.783881030486988095e+00
-2.320241743101365728e+01
-9.458607998591997301e+00
-1.373662731950846805e+01
-8.258898528229170921e+00
-2.505093542179052335e+00
-1.267266117468685493e+01
-1.019590327314748990e+01
-4.403163703333571988e+00
-2.675781515096737451e+00
-4.450223937289093712e+00
-5.546495316065687575e+00
-1.437872644057217641e+01
-7.366507957323888078e+00
-8.818426604655559942e+00
-1.534279198338274597e+01
-4.399889628895639504e+00
-2.064963161105699996e+00
-1.603349135486916310e+01
-2.688486016342887197e+00
-8.503911716013433875e+00
-2.232303613605485637e+01
-1.388325486222708349e+01
-5.665530907760667034e+00
-1.786206393620112465e+01
-9.454947629664161468e+00
-3.337422743350051846e+00
-1.479462616698433308e+01
-1.110720124623621530e+01
-5.176603058067700047e+00
-1.801542476136066639e+01
-2.003433923895975965e+01
-1.664563510237556088e+01
