2.500000000000000000e-01
8.000000000000000444e-01
1.066666666666666652e+00
1.483333333333333393e+00
1.966666666666666563e+00
2.566666666666666874e+00
3.266666666666666607e+00
3.833333333333333481e+00
4.650000000000000355e+00
5.049999999999999822e+00
5.883333333333333748e+00
6.150000000000000355e+00
6.683333333333333570e+00
7.299999999999999822e+00
8.133333333333332860e+00
8.699999999999999289e+00
9.183333333333333570e+00
9.583333333333333925e+00
1.006666666666666643e+01
1.059999999999999964e+01
1.103333333333333321e+01
1.161666666666666714e+01
1.240000000000000036e+01
1.288333333333333286e+01
1.351666666666666750e+01
1.413333333333333286e+01
1.466666666666666607e+01
1.523333333333333250e+01
1.600000000000000000e+01
1.693333333333333357e+01
1.766666666666666785e+01
1.868333333333333357e+01
1.910000000000000142e+01
1.944999999999999929e+01
2.001666666666666572e+01
2.050000000000000000e+01
2.110000000000000142e+01
2.146666666666666501e+01
2.181666666666666643e+01
2.214999999999999858e+01
2.303333333333333499e+01
2.348333333333333428e+01
2.393333333333333357e+01
2.463333333333333286e+01
2.525000000000000000e+01
2.603333333333333499e+01
2.671666666666666501e+01
2.721666666666666501e+01
2.766666666666666785e+01
2.819999999999999929e+01
2.905000000000000071e+01
2.966666666666666785e+01
3.005000000000000071e+01
3.060000000000000142e+01
3.106666666666666643e+01
3.160000000000000142e+01
3.233333333333333570e+01
3.283333333333333570e+01
3.329999999999999716e+01
3.363333333333333286e+01
3.436666666666666714e+01
3.481666666666666998e+01
3.561666666666666714e+01
3.636666666666666714e+01
3.688333333333333286e+01
3.743333333333333002e+01
3.786666666666666714e+01
3.823333333333333428e+01
3.881666666666666998e+01
3.960000000000000142e+01
3.995000000000000284e+01
4.036666666666666714e+01
4.126666666666666572e+01
4.210000000000000142e+01
4.241666666666666430e+01
4.271666666666666856e+01
4.301666666666666572e+01
4.361666666666666714e+01
4.421666666666666856e+01
4.488333333333333286e+01
4.548333333333333428e+01
4.621666666666666856e+01
4.693333333333333002e+01
4.739999999999999858e+01
4.773333333333333428e+01
4.843333333333333002e+01
4.895000000000000284e+01
4.939999999999999858e+01
5.004999999999999716e+01
5.093333333333333002e+01
5.151666666666666572e+01
5.208333333333333570e+01
5.289999999999999858e+01
5.338333333333333286e+01
5.378333333333333144e+01
5.404999999999999716e+01
5.451666666666666572e+01
5.504999999999999716e+01
5.553333333333333144e+01
5.598333333333333428e+01
5.678333333333333144e+01
5.731666666666666998e+01
5.875000000000000000e+01
5.948333333333333428e+01
6.010000000000000142e+01
6.011666666666666714e+01
6.023333333333333428e+01
6.071666666666666856e+01
6.110000000000000142e+01
6.161666666666666714e+01
6.198333333333333428e+01
6.333333333333333570e+01
6.361666666666666714e+01
6.376666666666666572e+01
6.409999999999999432e+01
6.463333333333333997e+01
6.518333333333333712e+01
6.565000000000000568e+01
