nan
nan
nan
nan
nan
3.597000000000000197e-01
3.323999999999999733e-01
2.983428571428571319e-01
3.039999999999999925e-01
3.264888888888888840e-01
2.646999999999999909e-01
2.363909090909090960e-01
1.978666666666666629e-01
1.969769230769230772e-01
1.849714285714285644e-01
1.820333333333333248e-01
1.895000000000000018e-01
1.842764705882352916e-01
1.709444444444444544e-01
1.715684210526315923e-01
1.658000000000000029e-01
1.684809523809523701e-01
1.539454545454545520e-01
1.545217391304347931e-01
1.529999999999999971e-01
1.595999999999999919e-01
1.888615384615384696e-01
1.940814814814814937e-01
2.023999999999999966e-01
1.903413793103448381e-01
1.653999999999999915e-01
1.475032258064516155e-01
1.660999999999999976e-01
1.523636363636363678e-01
1.614352941176470657e-01
1.755428571428571394e-01
1.726111111111111041e-01
1.512216216216216158e-01
1.494105263157894659e-01
1.513256410256410278e-01
1.562000000000000055e-01
1.574365853658536707e-01
1.508666666666666767e-01
1.576186046511627858e-01
1.593181818181818310e-01
1.695888888888889001e-01
1.614521739130434785e-01
1.709276595744680938e-01
1.577333333333333365e-01
1.616857142857142937e-01
1.608999999999999875e-01
1.657901960784313733e-01
1.440692307692307828e-01
1.433490566037735892e-01
1.439407407407407302e-01
1.231545454545454610e-01
1.204999999999999960e-01
1.093859649122806976e-01
1.070517241379310286e-01
1.157559322033898247e-01
1.055666666666666698e-01
1.086590163934426229e-01
1.001935483870967786e-01
9.469682539682539035e-02
9.064999999999999447e-02
9.871538461538462150e-02
9.307878787878787197e-02
9.169552238805969702e-02
1.022176470588235242e-01
9.920144927536231338e-02
1.003000000000000003e-01
1.036169014084507012e-01
1.029555555555555502e-01
1.026191780821917865e-01
1.165108108108108137e-01
1.038333333333333330e-01
1.137684210526315742e-01
1.130922077922077856e-01
1.247487179487179465e-01
1.291481012658227956e-01
1.219999999999999973e-01
1.137135802469135815e-01
1.123975609756097532e-01
1.217602409638554178e-01
1.241095238095238085e-01
1.330529411764705960e-01
1.295976744186046470e-01
1.326505747126436874e-01
1.284181818181818202e-01
1.317067415730337199e-01
1.392222222222222194e-01
1.483703296703296759e-01
1.405565217391304411e-01
1.405860215053763573e-01
1.484638297872340473e-01
1.555947368421052579e-01
1.565833333333333244e-01
1.598340206185566992e-01
1.677510204081632539e-01
1.663383838383838409e-01
1.751999999999999946e-01
1.836396039603960528e-01
1.811607843137254814e-01
1.882669902912621485e-01
1.888615384615384696e-01
1.933476190476190459e-01
1.991283018867924526e-01
2.000065420560747653e-01
2.024851851851851847e-01
nan
