6.333333333333333037e-01
7.500000000000000000e-01
8.333333333333333703e-01
9.000000000000000222e-01
9.833333333333332815e-01
1.233333333333333393e+00
1.333333333333333259e+00
1.350000000000000089e+00
1.366666666666666696e+00
1.516666666666666607e+00
1.783333333333333437e+00
2.516666666666666607e+00
2.666666666666666519e+00
2.983333333333333393e+00
3.416666666666666519e+00
3.750000000000000000e+00
4.233333333333333393e+00
4.383333333333333748e+00
5.066666666666666430e+00
5.616666666666666252e+00
6.766666666666666607e+00
6.783333333333333215e+00
6.816666666666666430e+00
7.216666666666666785e+00
7.666666666666666963e+00
8.250000000000000000e+00
8.699999999999999289e+00
9.283333333333333215e+00
9.966666666666666785e+00
1.038333333333333286e+01
1.075000000000000000e+01
1.118333333333333357e+01
1.176666666666666750e+01
1.269999999999999929e+01
1.351666666666666750e+01
1.396666666666666679e+01
1.468333333333333357e+01
1.528333333333333321e+01
1.606666666666666643e+01
1.676666666666666572e+01
1.706666666666666643e+01
1.769999999999999929e+01
1.821666666666666501e+01
1.896666666666666501e+01
1.931666666666666643e+01
1.976666666666666572e+01
2.055000000000000071e+01
2.130000000000000071e+01
2.163333333333333286e+01
2.203333333333333499e+01
2.285000000000000142e+01
2.339999999999999858e+01
2.410000000000000142e+01
2.435000000000000142e+01
2.544999999999999929e+01
2.636666666666666714e+01
2.716666666666666785e+01
2.744999999999999929e+01
2.821666666666666501e+01
2.866666666666666785e+01
2.963333333333333286e+01
3.001666666666666572e+01
3.013333333333333286e+01
3.068333333333333357e+01
3.119999999999999929e+01
3.155000000000000071e+01
3.183333333333333215e+01
3.228333333333333144e+01
3.296666666666666856e+01
3.339999999999999858e+01
3.406666666666666998e+01
3.453333333333333144e+01
3.486666666666666714e+01
3.576666666666666572e+01
3.601666666666666572e+01
