nan
nan
nan
nan
nan
3.109999999999999987e-01
2.340000000000000135e-01
3.580999999999999739e-01
4.262000000000000233e-01
4.984777777777777974e-01
4.631000000000000116e-01
4.330636363636363728e-01
4.167333333333333445e-01
3.829615384615384643e-01
4.758999999999999897e-01
4.067999999999999949e-01
3.952999999999999847e-01
3.626294117647058668e-01
3.502000000000000113e-01
3.283842105263157785e-01
3.133000000000000229e-01
2.974714285714285533e-01
2.969636363636363741e-01
2.709043478260869664e-01
2.624000000000000221e-01
2.401000000000000079e-01
2.306538461538461537e-01
2.223333333333333273e-01
2.140285714285714291e-01
2.094448275862068887e-01
1.963000000000000023e-01
1.896225806451612983e-01
1.852499999999999980e-01
1.839272727272727170e-01
1.808058823529411774e-01
1.890000000000000013e-01
1.794888888888888923e-01
1.699432432432432527e-01
1.640210526315789563e-01
1.601692307692307582e-01
1.527999999999999914e-01
1.471121951219512280e-01
1.450857142857142901e-01
1.455023255813953365e-01
1.401454545454545453e-01
1.290000000000000036e-01
1.317521739130434744e-01
1.272893617021276513e-01
1.262999999999999956e-01
1.206653061224489815e-01
1.190999999999999975e-01
1.165705882352941203e-01
1.139769230769230729e-01
1.114113207547169776e-01
1.085481481481481436e-01
1.065363636363636374e-01
1.098428571428571449e-01
1.035210526315789442e-01
1.020724137931034448e-01
1.051305084745762647e-01
1.073999999999999955e-01
9.803606557377049502e-02
1.059548387096774236e-01
1.125714285714285723e-01
1.125000000000000028e-01
1.255538461538461548e-01
1.282454545454545514e-01
1.342865671641791103e-01
1.406882352941176417e-01
1.392608695652173822e-01
1.199142857142857094e-01
1.319577464788732335e-01
1.305000000000000049e-01
1.340493150684931578e-01
1.245135135135135157e-01
1.317000000000000115e-01
1.197157894736842060e-01
1.186675324675324633e-01
1.285615384615384493e-01
1.207037974683544262e-01
1.170999999999999958e-01
1.126555555555555505e-01
1.096756097560975668e-01
1.102650602409638581e-01
1.125285714285714223e-01
9.077058823529411680e-02
1.006953488372093058e-01
9.300689655172414416e-02
9.090909090909091161e-02
8.625617977528089730e-02
1.098444444444444390e-01
1.313659340659340535e-01
1.989130434782608592e-01
2.359784946236559156e-01
2.268553191489361687e-01
2.493368421052631623e-01
3.499166666666666536e-01
nan
