3.050129466839189285e-01
2.657111039596072644e+00
2.746584754210130153e-01
-2.302252325358602025e+00
3.097616170103970057e-01
-2.216144452305277568e+00
3.017096120186283925e-01
-2.058492450656089989e+00
1.939168225362664089e-01
-1.627355933881124095e+00
4.983077172361117801e-01
-3.422544055715322830e+00
4.620477397406807518e-01
-4.706386975950897167e+00
7.014987837154853523e-01
2.463233359470391459e+00
5.205858021444873529e-01
2.844679664402269825e-01
3.868668523983592178e-01
3.571036131120308710e-01
2.836566120975703709e-01
3.162857913650691244e-01
2.612365344873364692e-01
1.749132529994717578e+00
2.883224152435013843e-01
2.491419299065721571e+00
4.113430195855133142e+00
3.240613336233520769e+00
3.509885613630399082e-01
2.206497595343339668e+00
1.517522543635097865e+00
2.838744894627247994e+00
2.712966215573467288e+00
-1.421775861493042692e+00
4.685907317433827934e+00
3.218737228465715638e-01
-2.692559453864642016e+00
3.999239623490211670e+00
1.235512257243224221e+00
6.358921355866686831e-01
2.785330288335462701e+00
2.433100142033260749e+00
2.362533024454910313e-01
3.308083069830468070e-01
3.539784009837103618e+00
3.004059301851839114e-01
1.402704148490215574e-01
1.637439561333621785e-01
2.631546063329756047e-01
2.357309135671243894e-01
-5.763803235650602375e+00
-5.467162800161722735e+00
2.355310956995526894e-01
2.325693458662385638e-01
1.359444071736629622e-01
-5.930480333523544090e+00
1.423144916769183421e-01
2.796388822522931084e-01
2.070138660015163612e-01
9.348651344423524190e-01
2.567808947012804044e-01
3.016294955980856618e-01
-3.831935280085890572e+00
-5.158113875861335629e+00
3.059505959029115707e-01
2.628117070346570605e-01
5.262691621459566482e-01
2.097349693271871596e-01
2.313139961492015617e-01
-5.890764382211923333e+00
4.249644872235785464e-01
-6.364303421974820019e+00
