4.502551821560018541e-01
4.195522061409253212e+00
4.648485460797421531e+00
4.976573405899525682e+00
-3.241361977243543802e+00
5.459070034250885772e-01
2.474526299832245924e-01
4.701356583021856772e-01
4.335700689514028205e+00
-3.407134448018994011e+00
2.197387601585562678e+00
4.116725469333073484e-01
4.856942153496950354e+00
4.415243119041588060e-01
4.354116558711052520e-01
4.148486119653307380e-01
8.498104214509567544e-01
4.390579169903185419e-01
8.014702798769758330e-01
5.334256668997136019e-01
5.263611431563208765e-01
-8.807478295507348287e-01
1.807272935295109129e+00
5.382947805543335518e-01
3.866336482481551595e-01
3.826510362973795099e-01
4.429908626574911024e-01
5.033871821845968819e-01
4.934544644784341627e-01
3.981556686780481913e-01
1.349821677548297849e+00
5.003352614227719597e-01
1.158024044420321808e+00
5.535635702472814224e-01
4.869252671448021097e-01
4.034954292212682980e-01
5.014683201673642010e-01
9.939626133902629279e-01
2.218015098377057015e+00
5.227167394951492962e-01
6.620156978473028531e-01
5.847211737614657068e-01
6.101335077501175430e-01
5.144700575135607856e-01
5.139600739019851705e-01
4.631155510112626161e-01
4.182399288956185068e-01
4.277681728241236603e-01
4.768553259333407346e-01
4.268392392539840374e-01
5.568724885049027851e-01
4.014103301200020457e-01
1.897162074861489689e+00
5.228193945885573068e-01
9.202964069397012725e-01
5.612860428305157523e-01
-4.869292103192521814e+00
2.610698784476485290e+00
5.363275789711701158e-01
4.688440057157481355e-01
7.369860824992678916e-01
6.399828523247970136e-01
4.957558094630917234e-01
2.114723953499137554e+00
4.208183571657377886e-01
4.616493450725465686e-01
4.367846049588524626e-01
2.290903240313982625e+00
7.853286097580780556e-01
2.034800858798153200e+00
1.536880111501425228e+00
4.319302047474411488e-01
5.673851935654079526e-01
5.036285351377478570e-01
1.985531646608849288e+00
