2.000000000000000111e-01
6.333333333333333037e-01
1.166666666666666741e+00
1.583333333333333259e+00
2.000000000000000000e+00
2.450000000000000178e+00
2.950000000000000178e+00
3.366666666666666696e+00
3.799999999999999822e+00
4.233333333333333393e+00
4.566666666666666430e+00
4.900000000000000355e+00
5.299999999999999822e+00
5.683333333333333570e+00
6.150000000000000355e+00
6.549999999999999822e+00
7.016666666666666607e+00
7.416666666666666963e+00
7.833333333333333037e+00
8.366666666666667140e+00
8.766666666666667496e+00
9.183333333333333570e+00
9.599999999999999645e+00
1.000000000000000000e+01
1.036666666666666714e+01
1.075000000000000000e+01
1.118333333333333357e+01
1.155000000000000071e+01
1.191666666666666607e+01
1.225000000000000000e+01
1.265000000000000036e+01
1.315000000000000036e+01
1.361666666666666714e+01
1.394999999999999929e+01
1.433333333333333393e+01
1.476666666666666750e+01
1.516666666666666607e+01
1.550000000000000000e+01
1.583333333333333393e+01
1.619999999999999929e+01
1.671666666666666501e+01
1.721666666666666501e+01
1.766666666666666785e+01
1.800000000000000000e+01
1.838333333333333286e+01
1.875000000000000000e+01
1.926666666666666572e+01
1.964999999999999858e+01
2.010000000000000142e+01
2.058333333333333215e+01
2.106666666666666643e+01
2.158333333333333215e+01
2.203333333333333499e+01
2.243333333333333357e+01
2.281666666666666643e+01
2.321666666666666501e+01
2.355000000000000071e+01
2.396666666666666501e+01
2.448333333333333428e+01
2.496666666666666501e+01
2.536666666666666714e+01
2.581666666666666643e+01
2.631666666666666643e+01
2.668333333333333357e+01
2.708333333333333215e+01
2.748333333333333428e+01
2.796666666666666501e+01
2.835000000000000142e+01
2.883333333333333215e+01
2.928333333333333499e+01
2.968333333333333357e+01
3.001666666666666572e+01
3.044999999999999929e+01
3.093333333333333357e+01
3.136666666666666714e+01
3.175000000000000000e+01
3.218333333333333002e+01
3.251666666666666572e+01
3.291666666666666430e+01
3.326666666666666572e+01
3.358333333333333570e+01
3.396666666666666856e+01
3.433333333333333570e+01
3.481666666666666998e+01
3.539999999999999858e+01
3.588333333333333286e+01
3.631666666666666998e+01
3.670000000000000284e+01
3.713333333333333286e+01
3.754999999999999716e+01
3.803333333333333144e+01
3.841666666666666430e+01
3.878333333333333144e+01
3.926666666666666572e+01
3.960000000000000142e+01
4.000000000000000000e+01
4.045000000000000284e+01
4.085000000000000142e+01
4.131666666666666998e+01
4.181666666666666998e+01
4.221666666666666856e+01
4.263333333333333286e+01
4.298333333333333428e+01
4.336666666666666714e+01
4.379999999999999716e+01
4.420000000000000284e+01
4.463333333333333286e+01
4.504999999999999716e+01
4.550000000000000000e+01
4.583333333333333570e+01
4.618333333333333002e+01
4.651666666666666572e+01
4.704999999999999716e+01
4.753333333333333144e+01
4.791666666666666430e+01
4.843333333333333002e+01
4.891666666666666430e+01
4.931666666666666998e+01
4.979999999999999716e+01
5.021666666666666856e+01
5.056666666666666998e+01
5.100000000000000000e+01
5.146666666666666856e+01
5.183333333333333570e+01
5.233333333333333570e+01
5.276666666666666572e+01
5.321666666666666856e+01
5.358333333333333570e+01
5.393333333333333002e+01
5.428333333333333144e+01
5.470000000000000284e+01
5.520000000000000284e+01
5.558333333333333570e+01
5.596666666666666856e+01
