-1.528427644866491540e-02
2.537038981765363244e-02
1.531130006101204810e-01
-1.347922382409415532e-01
-1.159860414293530095e-01
-6.589460339790974286e-02
3.921354086988231014e-02
-7.724831357364336792e-02
-2.674770038573683409e-02
5.451220643687861717e-02
8.824111441948617393e-03
1.740085908446099006e-01
6.914597855503876733e-01
7.906821182962460448e-02
5.488776896556828155e-02
9.032109487014167160e-02
-9.071583558764814703e-02
-1.477499026145049077e-01
-4.665781445919037901e-02
-2.084150079797495933e-02
1.511892615093881898e-01
1.806266114614322738e-01
9.738548006107522123e-03
-8.115342478640740972e-03
1.045171240214563119e-01
5.379560408518500175e-02
-2.458663427776582588e-01
-3.662294076278840415e-03
5.999040189261108796e-02
-1.039268934765811975e-01
4.028953651486670839e-01
-4.366396829775340271e-02
-3.219107092829051608e-01
1.185590805253491503e-01
9.692221898506886424e-02
-6.347964208440316780e-02
1.168441533427630880e-01
1.080090825678325971e-03
3.587160906983149489e-01
-1.294925753345796682e-01
-2.375594254021620999e-01
2.539129375825268688e-03
-1.356282215641078925e-01
1.273735645873621813e-01
-3.229471408926872233e-01
1.823125696518400340e-01
7.079979178331825829e-02
-1.658418203819508052e-01
-1.510985758748131513e-01
1.287104742399606053e-02
7.692676220773592144e-02
-1.476023424255225869e-01
-5.268742642333536230e-02
-3.137920828697804421e-01
-5.324008584585402382e-01
-3.544948749083346451e-01
5.245245313035888923e-01
4.813951216245300480e-02
3.136740660735881647e-02
2.618042215842911191e-01
-4.276401836830598380e-01
9.752102727954280181e-02
-1.410785633355362834e-01
-1.988319935515224235e-01
-3.839374724529989041e-02
8.421455329707498993e-01
1.308824585740626378e-01
-1.581337338366142764e-01
-8.092266286234632566e-02
-1.671683777024083051e-01
-2.617796570742990658e-01
4.189096310289315561e-02
-8.904694751180386447e-03
1.257539700835900442e-01
-7.549557973330933702e-02
-1.963402828795085542e-01
8.981919847713924765e-02
2.663743306443393331e-03
9.014701503396850557e-02
5.575011063729107654e-04
1.825917228121386460e-01
-1.671702737608454503e-01
-2.384768432809641903e-01
2.482259417070457608e-01
2.530806466518990550e-01
1.696489627601295014e-01
-3.455459948180987506e-02
-5.687723874200401042e-02
-1.736219424895742158e-01
-3.560962259422852383e-01
-1.743509269067521905e-01
-7.870440814850894473e-02
-3.057621584733843934e-01
8.954011744288550845e-02
-3.372721664534901742e-01
1.014716576014075139e-01
-2.930050469326943297e-02
4.101421537939359263e-02
-3.207226222307667934e-02
-1.522595236001166030e-01
1.249880575088792578e-01
1.000601067823311124e-02
2.968006417857668722e-01
3.606086319699784021e-02
-1.656706094419757858e-01
-1.338343544205372430e-02
-5.142124459083163845e-01
1.155945004868021847e-01
-1.505195257594783564e-01
-1.776291015302990661e-01
-1.864783307664674705e-01
-2.085655426505184096e-01
-8.128648184404255184e-02
