8.199199760238797818e-01
1.014415330865854337e+00
1.040761421217366589e+00
9.474230263030016808e-01
9.024570928110665635e-01
8.594481550339878595e-01
9.665649067792719817e-01
9.531057697667552064e-01
7.740567425285462821e-01
9.705064073109451739e-01
7.965844944699392860e-01
1.021382543657450626e+00
8.889586619124907330e-01
9.950317765647059831e-01
8.710007829999404372e-01
9.958998607664603098e-01
9.527821762528606575e-01
8.059297152773114981e-01
9.264139731900240537e-01
9.485029864370767561e-01
8.803521121671065153e-01
9.847785091868809237e-01
9.526657217481738771e-01
9.500185224831512176e-01
8.287663497393578105e-01
1.066188890353496399e+00
9.407778296769947479e-01
8.712152386673437388e-01
1.057244668337286919e+00
8.736559571023394533e-01
1.000894887932406663e+00
9.015414872217184517e-01
9.912396899734744471e-01
9.073866693937816530e-01
9.507001482030205120e-01
9.559566337445652984e-01
2.502035909848739248e+00
9.679501511629178268e-01
1.931094545490261716e+00
8.551547179825638167e-01
9.938124496498494942e-01
2.857616041399623885e+00
9.715459113886549813e-01
6.877140893845615111e+00
8.803933961400639552e-01
7.672112001892560373e-01
9.708413599140203187e-01
1.287438611794486931e+00
1.004619321660543463e+00
9.928644680235152453e-01
9.362788173124499957e-01
1.509918894980371462e+00
8.522726478570825659e-01
9.601228923566168527e-01
9.157968984038711291e-01
9.447999901649540844e-01
3.528960518163435367e+00
8.925709226975254706e-01
8.160983564391313116e-01
8.546570238357866778e-01
8.905120526755558874e-01
9.381002543104114411e-01
9.795664793322771402e-01
1.085043346069624048e+00
1.061907400696204595e+00
1.019179574403913158e+00
-4.588357289260461158e+00
7.525681560290354843e-01
1.370141593328326080e+00
1.088468276406545199e+00
9.321569476016497990e-01
9.830902324802878178e-01
8.962446494672622332e-01
9.798806609270422907e-01
9.692725565740534233e-01
8.372900262848657071e-01
9.570670644774554869e-01
9.951316385518748087e-01
1.029443315983182838e+00
9.659670927880461555e-01
1.064711439168179341e+00
7.977493473566414917e-01
1.005575757225899425e+00
9.399072204888762050e-01
9.099848210886625210e-01
1.014477737188383299e+00
9.705297965534327442e-01
9.793527778756220270e-01
9.731605377684354741e-01
1.043771642297831370e+00
1.001378211644369021e+00
1.381335439590404723e+00
9.324971274274161948e-01
9.939798791650832355e-01
1.466291719667522031e+00
1.007652711032348991e+00
1.388965907448937331e+00
6.274680578164879563e+00
1.077238116066639551e+00
8.427883486136602542e-01
9.228029095998476761e-01
7.275933022108143078e-01
6.209143784233060792e+00
4.710183610297390189e+00
1.027072879133479555e+00
7.537926287882737997e-01
9.933506193018684094e-01
8.870402536874348876e-01
1.012827485329692134e+00
1.054738425029463578e+00
