2.166666666666666741e-01
1.033333333333333437e+00
2.200000000000000178e+00
3.350000000000000089e+00
4.466666666666666785e+00
5.166666666666666963e+00
5.866666666666666252e+00
6.383333333333333748e+00
7.683333333333333570e+00
8.849999999999999645e+00
1.021666666666666679e+01
1.119999999999999929e+01
1.159999999999999964e+01
1.234999999999999964e+01
1.346666666666666679e+01
1.463333333333333286e+01
1.578333333333333321e+01
1.703333333333333499e+01
1.763333333333333286e+01
1.828333333333333499e+01
1.888333333333333286e+01
1.955000000000000071e+01
2.080000000000000071e+01
2.191666666666666785e+01
2.294999999999999929e+01
2.338333333333333286e+01
2.416666666666666785e+01
2.496666666666666501e+01
2.571666666666666501e+01
2.633333333333333215e+01
2.764999999999999858e+01
2.873333333333333428e+01
2.886666666666666714e+01
2.978333333333333499e+01
3.076666666666666572e+01
3.161666666666666714e+01
3.256666666666666998e+01
3.325000000000000000e+01
3.398333333333333428e+01
3.521666666666666856e+01
3.614999999999999858e+01
3.746666666666666856e+01
3.881666666666666998e+01
3.975000000000000000e+01
4.095000000000000284e+01
4.200000000000000000e+01
4.291666666666666430e+01
4.323333333333333428e+01
4.408333333333333570e+01
4.518333333333333002e+01
4.620000000000000284e+01
4.733333333333333570e+01
4.826666666666666572e+01
4.945000000000000284e+01
5.026666666666666572e+01
5.133333333333333570e+01
5.216666666666666430e+01
5.268333333333333002e+01
5.361666666666666714e+01
5.478333333333333144e+01
5.553333333333333144e+01
5.645000000000000284e+01
5.721666666666666856e+01
5.791666666666666430e+01
5.863333333333333286e+01
5.873333333333333428e+01
5.879999999999999716e+01
5.881666666666666998e+01
5.888333333333333286e+01
5.960000000000000142e+01
6.053333333333333144e+01
6.158333333333333570e+01
6.235000000000000142e+01
6.321666666666666856e+01
6.406666666666666288e+01
6.541666666666667140e+01
6.629999999999999716e+01
6.745000000000000284e+01
6.823333333333333428e+01
6.945000000000000284e+01
7.029999999999999716e+01
7.163333333333333997e+01
7.165000000000000568e+01
7.166666666666667140e+01
7.175000000000000000e+01
7.275000000000000000e+01
7.368333333333333712e+01
7.450000000000000000e+01
7.579999999999999716e+01
7.670000000000000284e+01
7.729999999999999716e+01
7.788333333333333997e+01
7.856666666666666288e+01
7.929999999999999716e+01
8.056666666666666288e+01
8.166666666666667140e+01
8.270000000000000284e+01
8.361666666666666003e+01
8.478333333333333144e+01
8.575000000000000000e+01
8.661666666666666003e+01
8.771666666666666856e+01
8.884999999999999432e+01
8.996666666666666856e+01
9.071666666666666856e+01
9.159999999999999432e+01
9.266666666666667140e+01
9.338333333333333997e+01
9.428333333333333144e+01
9.509999999999999432e+01
9.554999999999999716e+01
9.598333333333333428e+01
9.709999999999999432e+01
9.788333333333333997e+01
9.858333333333332860e+01
9.940000000000000568e+01
1.005333333333333314e+02
1.014166666666666714e+02
1.025499999999999972e+02
1.034166666666666714e+02
1.042333333333333343e+02
1.052666666666666657e+02
1.066666666666666714e+02
1.077166666666666686e+02
1.084333333333333371e+02
1.089000000000000057e+02
1.098666666666666600e+02
1.106833333333333371e+02
1.112833333333333314e+02
1.117999999999999972e+02
1.126666666666666714e+02
1.138166666666666629e+02
1.154000000000000057e+02
1.162666666666666657e+02
1.173499999999999943e+02
1.180000000000000000e+02
