5.644591003432504550e+01
5.504023346237684677e+01
5.542149786542628220e+01
5.639270697439682323e+01
5.619066938907864994e+01
5.619512432363708143e+01
5.627685058558225251e+01
5.572250355553124734e+01
5.514170022424460171e+01
5.617876486593505092e+01
5.500642817183891253e+01
5.571002117022725741e+01
5.531488760704255725e+01
5.549157377915523881e+01
5.548413391978196074e+01
5.645206118558178332e+01
5.602305788860407887e+01
5.651017364994621772e+01
5.521804640696664279e+01
5.596038492674812659e+01
5.526867656882698299e+01
5.588764934154348651e+01
5.565094010848861217e+01
5.523967114165274239e+01
5.503315799471639735e+01
5.573064315430978155e+01
5.555928925012020159e+01
5.692919967302052697e+01
5.626202502926815185e+01
5.512175332194755129e+01
5.618028558215184631e+01
5.590692016614315207e+01
5.570083300451825892e+01
5.566795958878155659e+01
5.609980889454534747e+01
5.545277979463595130e+01
5.511533220215238060e+01
5.548440442807213202e+01
5.784957522062251201e+01
5.592919473869025637e+01
5.552723924908607245e+01
5.678536454460522265e+01
5.570901249239929598e+01
5.522549146442032963e+01
5.557987225368493256e+01
5.560330185260478686e+01
5.538657841441551710e+01
5.603196157420966728e+01
5.636188833088459660e+01
5.562471502713482607e+01
5.545576104387394167e+01
5.622420086423767316e+01
5.582909140146237092e+01
5.570079519203269314e+01
5.619097853185242997e+01
5.666983941608191344e+01
5.650593660797151330e+01
5.584474763786148088e+01
5.643823394579922592e+01
5.587511593187559100e+01
5.639817309917695098e+01
5.517339275028814427e+01
5.609756675375125212e+01
5.538391234642946870e+01
5.542545838245742829e+01
5.532372944711983820e+01
5.546203799195451012e+01
5.554024760101884794e+01
5.567521013987275325e+01
5.622698658845563813e+01
5.525330867627560139e+01
5.605785866287806130e+01
5.644823398503155687e+01
5.584793271486691424e+01
5.516302328793396725e+01
5.627259431443591353e+01
5.579214302046713669e+01
5.559488739189531259e+01
5.613273010420491715e+01
5.501149343791823298e+01
5.639971895898751342e+01
5.630072839992945433e+01
5.545942431542662376e+01
5.527533084822488263e+01
5.502318821231440182e+01
5.638694796482226224e+01
5.616727038089905477e+01
5.696300154060509158e+01
5.628009947647764477e+01
5.586158069486666022e+01
5.625069840048484338e+01
5.504494407915463228e+01
5.579344048650682453e+01
5.508279476297308719e+01
5.596044058454101133e+01
5.599596736191941204e+01
5.578574972137138133e+01
5.641656365169410492e+01
5.518842691880753648e+01
5.654275044706253084e+01
5.565421322067865617e+01
5.558536987988860290e+01
5.653409724614640197e+01
5.569312021031137760e+01
5.864937236369953411e+01
5.721292566847159122e+01
5.613371343756755039e+01
5.586626750657804763e+01
5.582415286515289665e+01
5.541360570374939698e+01
5.627054704429529153e+01
5.549024120960321227e+01
5.566360803889994457e+01
5.622482412385620876e+01
5.589120601617329243e+01
5.576279560713505390e+01
5.556352194182622384e+01
5.558079322139970202e+01
5.560715791670309471e+01
5.679915553186976496e+01
5.577066640987150947e+01
5.563948906313622444e+01
5.632769212744597098e+01
5.590973607939606893e+01
5.535550049488200841e+01
5.605600072221889008e+01
5.572445910274795011e+01
5.614771818227697509e+01
5.500711113906095306e+01
