nan
nan
nan
nan
nan
4.969768000611884951e-02
2.042705411261069859e-02
1.399702365364918766e-02
6.863430055179642331e-03
3.277404332399314058e-03
9.094511718753528484e-04
5.903883148398181291e-04
3.407635330326952428e-04
1.239423342229706293e-04
8.886402854391128869e-05
3.766102814739547000e-05
2.124014340298963077e-05
1.045934729193565005e-05
6.423161676538668985e-06
2.581880278906822923e-06
2.540696237285366976e-06
1.395159174633064936e-06
1.255763832475054187e-06
8.874984661622065119e-07
2.909408092222065534e-07
4.248404072981770696e-07
2.776297435280739023e-07
7.867709636011355201e-07
3.995000795731229459e-07
1.897423367314132747e-07
6.606078950532889849e-08
6.965627918908978700e-08
4.964715460964441718e-08
2.959442779726373374e-08
5.973152195082320759e-09
1.380186842592223684e-08
6.369603178235649921e-09
1.008341110608768076e-08
4.052833735279648408e-09
6.092156668024983901e-09
1.519722787612920456e-07
2.952339433925921242e-06
2.502032217854832652e-06
1.590246505781704288e-43
1.055562211968902083e-45
2.807081733998242283e-46
1.351870781856481955e-46
3.330669073875469621e-16
2.220446049250313081e-16
7.771561172376095783e-16
2.438289459405144065e-49
1.827979078795403079e-51
1.230564802168979898e-51
5.551115123125782702e-16
3.330669073875469621e-16
8.881784197001252323e-16
1.087957375768851575e-54
5.551115123125782702e-16
7.771561172376095783e-16
0.000000000000000000e+00
1.184873071814088612e-57
2.503749993058270554e-59
4.905652300945138418e-60
1.432232547594789838e-61
1.990200051332301429e-61
5.551115123125782702e-16
5.551115123125782702e-16
7.771561172376095783e-16
7.771561172376095783e-16
3.330669073875469621e-16
1.443289932012703503e-15
nan
