nan
nan
nan
nan
nan
1.233596996082735320e-01
2.467973742701391471e-01
1.024560073428942841e-01
3.113648487048870095e-02
9.913898383245189905e-03
2.365679114615937273e-03
9.304147390037931231e-04
3.548024294827145653e-04
6.265694572835656118e-04
2.884312118438536743e-04
1.225806176621269117e-04
2.845664643869039168e-04
3.864656660176324365e-04
2.791222697415829401e-04
1.853874819448542155e-04
1.599808796364232677e-04
8.657744323492533312e-05
8.559566912458294041e-05
1.486508310370404651e-02
2.012044706442650543e-02
1.159031815972766388e-03
2.746017795491995095e-03
5.975692876289850908e-03
1.566603329370486186e-02
1.545167262740232417e-02
2.963972797663505521e-02
5.784748200145306551e-02
8.130560522893293118e-02
9.708002301993523542e-02
8.409826096963235464e-02
9.208347819271867074e-02
1.091276880294541618e-01
1.005391423997599176e-01
1.009592359076451062e-01
7.348272312409065421e-02
6.278235293603340317e-02
3.972975589436622545e-02
1.969410463009568790e-02
9.623955502090497660e-03
4.593480436334562711e-03
2.441467323560431169e-03
1.648776682708130714e-03
4.773088120504365151e-04
2.544166172601114440e-04
1.188373956422239530e-04
8.124999326364346075e-05
2.136000974195528812e-05
1.865726270222634042e-05
7.307806946910133661e-06
7.441600295310379920e-06
4.652798396009849569e-06
1.509961057521991279e-06
1.185641696266337419e-06
3.598651641123495892e-07
2.222967486753546495e-07
9.712282333929067590e-08
2.981023705661556278e-08
1.804192062415665987e-08
1.106988090082694498e-08
1.003656968645572078e-08
3.946593274406495766e-09
1.151431505697075863e-09
9.653121635366801456e-10
2.755160544154477975e-10
2.280353683659086528e-10
1.235590518788853842e-10
7.623424114200361146e-11
9.118406030239611937e-11
1.057953724625804171e-11
6.533995566826433787e-12
3.422928607221820130e-12
6.964429033473606978e-13
4.598432745694935875e-12
3.468447751231451548e-12
2.343569782681242941e-12
4.405364961712621152e-13
6.091793736118233937e-13
4.127809205556332017e-13
1.522115766761089617e-13
1.131317262093034515e-13
6.128431095930864103e-14
1.265654248072678456e-14
6.994405055138486205e-15
9.547918011776346248e-15
1.587618925213973853e-14
4.884981308350688778e-15
4.996003610813204432e-15
3.108624468950438313e-15
3.441691376337985275e-15
4.329869796038110508e-15
1.998401444325281773e-15
1.221245327087672194e-15
3.108624468950438313e-15
2.553512956637860043e-15
1.665334536937734811e-15
8.881784197001252323e-16
8.881784197001252323e-16
1.665334536937734811e-15
1.221245327087672194e-15
0.000000000000000000e+00
8.881784197001252323e-16
6.661338147750939243e-16
1.110223024625156540e-15
5.551115123125782702e-16
8.881784197001252323e-16
1.998401444325281773e-15
5.551115123125782702e-16
0.000000000000000000e+00
2.109423746787797427e-15
1.443289932012703503e-15
1.221245327087672194e-15
5.551115123125782702e-16
1.255025173179871934e-22
1.568460633177205646e-22
6.364137952988524161e-23
8.881784197001252323e-16
2.366199438319097470e-24
2.220446049250313081e-16
1.599004904379746805e-24
4.383516506464296313e-23
8.685751614418695015e-24
1.173932177544731018e-24
3.019634363244158733e-23
6.244902261332002308e-24
3.139456033084581835e-23
6.604304471430757267e-24
1.108277285071678296e-23
1.169569387800366726e-22
1.840683074592492041e-21
0.000000000000000000e+00
1.298527687748927983e-20
5.602695565544174624e-21
3.850845483810076281e-20
4.053569760494977201e-21
1.413242242695550308e-21
6.571864158920617608e-20
0.000000000000000000e+00
1.387631335526704225e-22
2.220446049250313081e-16
8.881784197001252323e-16
1.348146292237674077e-21
1.443289932012703503e-15
2.869818373446138867e-20
4.785578565171594117e-18
3.330669073875469621e-16
0.000000000000000000e+00
3.841260642900579114e-11
5.551115123125782702e-16
2.174747688382266502e-56
1.222602870635125933e-122
nan
