3.793753137273711551e-02
-3.179608650787997537e-02
5.328880546147445052e-02
5.279144041531594334e-02
-2.310524321337652665e-03
-5.721816888407602053e-02
-1.363361053882158544e-02
-4.602448993555981194e-02
-4.604499224252265460e-02
9.508514216327625113e-03
-5.010341142075276644e-03
-8.477896330964540886e-03
-1.284449518852227336e-02
3.863900822899540843e-01
-1.897746714172853996e-02
9.590831796282372687e-03
2.243974105927861590e-02
-1.564718137340548668e-02
-3.412248505921069985e-02
-2.367553799248298726e-03
-5.786122624222742039e-02
-3.021171572314756276e-02
-1.428515768329191409e-02
-2.718777434169510412e-02
-4.592092420325571099e-03
-1.661993199779885841e-02
-7.082054527452101567e-02
-3.763764192834253008e-01
9.233996042732997220e-03
-3.375822362112500946e-02
-4.489683573575348197e-02
3.154416370136851611e-01
-1.702761222821436507e-02
-3.734861846935530472e-02
2.452720463163927944e-02
1.977381788390630488e-02
-4.605714079122037730e-02
-5.373817698114976421e-02
-3.029083009246164720e-02
3.218236101869251936e-03
-1.422209335858156017e-02
7.681313226221390955e-03
-5.796044064596799460e-03
-1.802093648143852575e-02
-6.606653448434997300e-02
1.369054184709284604e-02
-7.889893365005491710e-02
-6.614780606861017653e-02
3.044361970472607426e-02
-2.246527402232004547e-02
-6.958070810406979598e-03
-1.316595879402768787e-01
1.288032691871762898e-02
-4.764159928206481744e-03
1.034369184918091343e-02
-1.703278936390233839e-02
2.618339150310350916e-01
-1.795272352784365796e-02
-1.301640685316897417e-02
4.457219939400260816e-02
2.751370667847254439e-02
-1.929630927230959955e-02
-4.661245263787691662e-02
-9.950054263401966748e-02
-2.199295102331234528e-02
-4.521333707749590480e-03
3.347894741192589813e-02
9.959898845057751221e-03
-1.366629255259681555e-02
2.876732258548599964e-03
1.686198542836336942e-04
-1.131481091716068400e-02
-4.685304619505359716e-03
-4.121143991918074442e-03
1.247149901130114799e-02
-2.694463923289163246e-03
3.299538123378511351e-02
-1.259971491248489950e-01
-3.600593183987939316e-02
2.320708388279968046e-02
-1.200444145655410423e-03
9.527400814026804401e-03
-6.534373310262026058e-02
-3.645767287602552642e-02
-7.511203683401390316e-03
-1.507358038515349032e-02
2.569953418020304650e-02
2.510871268523855004e+00
2.484885917851727133e-02
2.573960004947707658e-02
2.634186381624147033e-02
-4.734784658598414214e-02
-1.511586582096697412e-02
1.756465311781710281e-02
-6.201370817124768342e-02
9.659032645076877019e-03
6.303111533329683325e-02
5.231107355292578809e-03
1.549335308222907735e-02
-9.067343078157363845e-02
1.702648022256539675e-02
-1.155083088123899371e-01
-3.662469413692974636e-03
4.914272830580444090e-02
-5.726042419395924177e-02
-6.377182555747311354e-02
-9.550370085417853039e-02
-1.607220338338038318e-02
3.150287742427280990e-02
-3.169080086365170384e-02
-1.552051669378215655e-02
1.854564681231750042e-02
-7.183953989184374556e-02
1.254191773073557586e-02
-2.589061318112118038e-01
-1.739011246570555669e-02
-4.492363303017441606e-02
3.164307274381372020e-02
1.074821705927206557e-02
1.448540777788593845e-02
9.597462848107056119e-03
-3.988108900768565918e-02
-3.338664004746988434e-02
-1.628445942402549943e-03
-6.398186012569681558e-02
-4.019625314516758752e-02
-2.876887939847676962e-02
-4.343392990024312617e-02
2.884666198243735283e-02
