-4.683302475346977356e-02
-6.975403587100573177e-02
-5.806974293226176143e-02
-1.243940050788137353e-01
7.305723788178397626e-02
-7.115390667283748305e-02
-2.430462831130154322e-01
3.347087446388741401e-03
-1.549288922667551582e-01
3.274862384888592697e-03
-1.374766806726722690e-01
-1.550196319398494949e-01
-5.947943310084952140e-02
7.794513838906141912e-02
-5.158575956210825070e-02
-6.349690631127771767e-02
-5.932683851594902462e-03
1.179943853802114910e-02
-7.155858353847520392e-02
-7.292461121786686373e-02
-5.941106040371892105e-02
6.131370867406076355e-03
-3.917051587568039228e-02
4.279585267507855090e-03
-7.836413125043804884e-02
6.122559399795818313e-02
-6.979688656286384130e-02
1.157068283205262655e-03
-7.597787267576450176e-02
1.414403886950964251e-02
1.007015977713717758e-01
-7.253189811572667567e-02
-7.610527509484654729e-02
-1.409023409937970039e-01
6.593598536387389186e-02
7.574649435777246198e-02
1.345872493509432449e-03
6.776991565855951249e-02
-8.234510070788019984e-03
-5.400647487842889088e-03
-5.957920229238539145e-02
-1.430659707549060133e-01
-6.202335266777879441e-02
6.669997138468942988e-02
3.556263269347255049e-03
-5.338039494919939731e-02
-1.458234150189900991e-01
-1.470037161496429712e-01
1.761367197904223636e-01
-5.346335522241321137e-01
-7.141692185362501222e-02
-6.458262812844167700e-02
-6.313363346172196078e-02
1.724021650190024971e-02
5.728321573139396813e-03
-1.385705780763771544e-01
1.857256944470992710e-01
-2.306855272752335317e-01
-7.870980115858855486e-02
2.084374419534299264e-02
1.398090047114783352e-01
-2.242335433412563465e-03
1.271309728126857330e-01
6.390880693155849557e-02
1.187166911267792113e-01
-2.129757695670139173e-01
-6.045781226995131791e-02
-1.443782200702020124e-01
-2.278388920271720575e-01
4.798808928869675514e-03
-6.220496948249035207e-02
7.810176329936212303e-02
1.905423331906922479e-01
-6.066581038988488189e-02
-1.402031281766608073e-01
8.682727409128176976e-02
-7.185681826502900160e-02
-6.425481656950524090e-02
6.908983468419592489e-02
1.116053315609860826e-02
1.373713773108010960e-01
-1.520612514735822096e-01
-5.909564240947304259e-02
1.530377316794670137e-02
-1.333159485085957385e-01
8.150662133412196753e-02
-5.025292275853644047e-02
-5.304339930045216811e-02
7.686663854337893662e-04
6.494414585288722785e-02
5.872636260819490660e-03
6.938943494326395289e-02
-1.470431397790662210e-02
-4.677142326507919244e-03
-7.292989935225818732e-02
2.019534466828645097e-02
-1.527213394913778111e-01
-2.043691880082428858e-01
6.526140338980894462e-02
6.718337840829008423e-02
1.343381181604308972e-01
-2.225084612545487062e-01
-7.070060895142774027e-02
7.919751113043048407e-02
3.743845840691619603e-03
6.856909331178030753e-02
-6.101701421011227616e-02
6.363889848043413622e-02
-7.358744675353307008e-02
-5.087942714405471745e-02
-1.362387011717532959e-01
7.631348891123934663e-03
-5.857653410265868665e-02
-5.941403066280599721e-02
-1.423064691290738815e-01
2.123660671972550096e-01
-5.727104918712370984e-02
-7.099828653195799921e-02
-1.364463721625111259e-01
6.420557633956719412e-02
9.520871825384346785e-04
-2.967917378706386167e-01
6.716987175027497488e-03
1.400745898073648688e-01
-6.939003745066202322e-02
-5.819127278049080615e-02
-6.856076762490942444e-02
-7.187535234944845974e-02
7.264676842096264020e-02
-5.910847413788360670e-03
-7.675869515720933067e-02
1.871645071498437563e-01
3.521013328721664826e-03
1.337992243432688522e-01
-7.020822135344700898e-02
1.926782221895336975e-02
-5.037415526640415947e-02
3.789253197722928113e-03
-6.521597687748340033e-02
8.965014878485817393e-03
-1.331323780330785633e-01
3.320590828319609517e-03
-1.373411243096995804e-01
