-1.086777895624905454e+00
-1.145318475943202685e+00
-1.096688670454806669e+00
-1.075499338747414768e+00
9.016202398913115701e-01
-1.110995861340178692e+00
-1.163106688848813519e+00
-1.217504920820111636e-01
-1.196010895052850742e+00
5.660263361248745184e-01
-1.314879858453618766e+00
-9.765580237442907929e-01
-9.476513936243797787e-01
-1.507236279665185918e+00
-1.190061280053633652e+00
-1.200090648734839505e+00
-1.708171323403544051e+00
-9.673304870563228519e-01
-6.507256310649758291e-01
-7.118046401582276417e-01
-7.069553601512268415e-01
-1.020728042721252393e+00
-6.815548921197027710e-01
-1.176950326852757911e+00
-8.118637041243879082e-01
-1.086230107824775359e+00
-9.917471482061159804e-01
-9.737457677865357653e-01
-1.284813079453639872e+00
-1.038147730322799944e+00
-8.267463841348927645e-01
-1.524164383817883106e+00
-1.105485326134384749e+01
-1.191975742524013171e+00
-1.384025712361227178e+00
-1.316472057397986006e+00
-1.020269130278695258e+00
-1.657334773148932072e+00
-2.039181380217675255e+00
-1.289134461015571276e+00
-1.339568912565104242e+00
-9.301204616542477766e-01
-1.448846906489897890e+00
-1.133340028602585647e+00
-1.390965910052985421e+00
-1.053582237485361617e+00
-1.237054991239157076e+00
-1.136208503567772254e+00
-1.178433335921596381e+00
-9.727625548464473582e-01
-1.116620010727643830e+00
-1.295584812702584188e+00
-1.458251903619650847e+00
-1.059539045701242799e+00
-9.202835341943238490e-01
-1.574926739664132214e+00
-6.262865479644627698e+00
-1.239740599721933734e+00
-1.218775372131132073e+00
-1.047562073655743831e+00
-1.484009029287760129e+00
-7.612994362292049288e+00
-1.385813626568775447e+01
-1.805073515040268362e+00
-1.375744216222567928e+00
-1.246220292734449231e+00
-1.031338189818381323e+00
-1.285598686601399976e+00
-9.777975416890143379e-01
-1.058288259615315141e+00
-9.998710970428117406e-01
-1.278196922035075289e+00
-9.483439660601131749e-01
-1.768653701776894849e+00
-2.915522574097540343e+00
