-3.502137951581744263e-02
-2.544840354100131111e-02
-1.121516427032588636e-02
-3.873956971574102348e-02
-1.234846894043585032e-02
-1.387407991199438549e-02
-1.136429734477985634e-02
1.462367744118864797e-02
-1.205442680079158932e-02
-4.096105990932472074e-02
-2.488527337623736360e-02
1.320556089614001449e-02
-2.158099004846803989e-02
1.856749946670106441e-03
-2.074223093455145744e-02
-2.401212557090786834e-02
-1.322123508367894877e-02
3.148707985810688011e-03
-2.570723987306337138e-02
1.273147809408612871e-02
-8.980510440548528789e-03
2.758990226847458926e-02
-5.084771796728830562e-02
-2.988741586059859290e-02
2.676161898091891037e-03
3.990147894994947736e-02
-1.317340538429334715e-04
4.332246399053132913e-02
-2.637684717795536760e-02
-1.087602276315010469e-02
1.240208610187209972e-04
1.569392437555905059e-02
-1.392007662056414519e-02
1.636273994188286538e-03
2.681747563636349783e-03
-3.646243578463895241e-02
4.309719260274391499e-03
2.827831604392031309e-02
1.579412962156709344e-02
-2.845097074131899828e-02
6.757701133778936785e-04
-2.588237620681468204e-02
-1.059917120087447949e-02
-1.019264846224910981e-01
2.237570487850462208e-03
-6.107897539422253719e-02
6.696998702381051554e-04
-2.424557060249469403e-02
1.947177948786702438e-03
-2.193771509115549645e-04
1.506096385053069808e-02
-1.331217759806747891e-02
-8.981587064244535984e-03
1.751222870132551276e-02
-1.973591035799017804e-02
5.844514294642521842e-04
1.800634372845024778e-03
-4.854936133287424301e-03
-1.033947800190844653e-02
8.411710413574836898e-03
2.544441060455824091e-03
1.563502611285116570e-02
-3.233178190406760938e-02
7.869694499279206168e-02
1.689635535581146585e-04
-2.493966478111758409e-02
2.209192645724101720e-02
-1.539160381474630364e-02
-2.191795332834203802e-02
1.447382767249962357e-02
1.472782485532547932e-02
-7.136209557678284410e-02
4.471945731626192420e-04
6.593903066094583543e-02
-1.701348581156935172e-02
-2.525199823813750397e-02
8.252509070996439083e-04
2.520965983941891864e-02
-9.386274041141860758e-03
1.791976437841071804e-03
-5.318245115854949856e-02
-8.280700819128697376e-03
9.632613946683932140e-04
-1.378836658147349764e-02
-2.820131919220784933e-02
-4.217379345322456313e-02
1.545906343427361739e-02
2.945589659409506358e-03
4.950190768499851141e-04
-4.450667287909482010e-04
-2.749376901760342690e-02
4.040757119461432095e-02
-2.654318900608018325e-02
-2.013058947114018324e-02
1.421581254400109545e-02
-1.259204217779881681e-02
1.504936384949644504e-02
-1.702707133850367340e-03
