4.437302267383950394e+00
2.771298187551024839e+01
1.170342155477691115e+01
2.630725358515461920e+01
1.110311286844422796e+01
4.724062793537205707e+00
5.333154629420263859e+00
9.455813152248664366e+00
-5.469575861628044322e-01
2.837432112685938534e+01
3.531509374459722039e+01
1.386681775380091786e+01
2.781674700534875200e+00
2.706856009997135715e+01
2.073020935067012971e+01
3.351845230669938047e+01
2.827220201106080921e+01
7.699569982010697977e+00
3.314678077478230023e+01
2.846547480163613031e+01
1.158905021986928041e+01
1.124427353200763768e+01
3.116944342984317373e+01
2.733020970360196955e+01
3.631144533567147903e+01
3.676125463308973451e+01
3.788255409393891426e+01
2.731376820962588159e+00
2.133787450906898897e+01
3.811270605650997823e+01
2.226203594026397425e+01
2.396491633187149262e+01
1.848886120745478934e+01
3.676846387225582191e+01
2.911657830875436304e+01
2.325795848377255126e+01
8.206622812964008418e+00
3.297081343831435873e+01
2.508665424618876827e+01
3.622074210007008332e+01
3.039439429410800386e+01
8.384274275832606094e-01
3.528492062111553196e+01
3.475827822864582117e+01
1.020279277986787392e+01
3.742680179313884281e+01
6.382919633587621711e+00
1.177351646456037670e+01
3.077898255103296066e+01
2.970261079168827933e+01
3.217965884286051192e+01
1.626625458023289639e+01
1.657759233988265635e+00
2.953723754602038909e+01
1.143267231108442000e-01
3.584908117074017753e+01
1.554406251081264756e+01
3.166168943244300138e+01
3.668326916645317937e+01
3.607372982823414276e+01
1.095849439739958875e+01
3.576090307405063839e+01
3.645139291688767003e+01
2.165182477056321986e+01
1.078040270808626211e+01
2.400594946331602131e+01
1.588929642831523914e+01
3.728020096860629451e+01
1.224411494561654834e+01
2.290844528931796020e+01
3.594395289292833695e+01
2.323336586164713680e+01
3.263097275723281854e+01
2.520162295792440332e+01
2.651490688307245591e+01
2.434934696687325761e+00
3.615642591977162823e+01
1.028907832310978421e+01
3.350321515787890547e+01
1.094845706580436051e+01
2.319821643934166033e+01
3.349639685031817748e+01
2.083981336006672080e+01
3.416612359248367170e+01
7.512950591851899063e+00
1.466889797556676811e+01
1.773308607424822370e+01
3.149800948577296822e+01
1.224343787665997141e+01
2.808939953978114801e+01
2.279918864961368286e+01
3.369260588089723996e+01
7.915607813183182628e+00
2.678415269060737103e+01
3.563395049544379845e+01
1.387988945326546819e+01
1.048846582002312466e+01
2.895122606196619230e+01
1.072337962637664077e+01
3.142058401092935682e+01
1.915554778602673736e+01
3.687246549534162199e+01
1.303165003172753522e+01
2.997388055095428161e+00
3.225145623232224779e+01
6.481057735252294449e+00
1.035313598283432057e+01
3.161755626957141274e+01
2.802848456255494369e+01
1.934110514798164004e+01
