5.576834048663398846e+01
5.548906835574530305e+01
5.535836833466699858e+01
5.500018074008546165e+01
5.526175746609997219e+01
5.560120042089706516e+01
5.509025054892442341e+01
5.594636263856138925e+01
5.559662513991658983e+01
5.512321359464425541e+01
5.505165090769531844e+01
5.568739177751680103e+01
5.539287984045320457e+01
5.523852689318640330e+01
5.560165229064033099e+01
5.567579251079615688e+01
5.543845567607714031e+01
5.501125610339730798e+01
5.523397787718482732e+01
5.562596395483340217e+01
5.505998186366476688e+01
5.540503775656854657e+01
5.532912830285946626e+01
5.534119281776445121e+01
5.562043793544577142e+01
5.537373967491881643e+01
5.530995283247516170e+01
5.519097354155896085e+01
5.565529848614109198e+01
5.521709136900680193e+01
5.560512810244634352e+01
5.518019237507567709e+01
5.577633485217280196e+01
5.526065355399284584e+01
5.529137601549548720e+01
5.545837382329266063e+01
5.533905029768353501e+01
5.500631534088196872e+01
5.515290913085581792e+01
5.522018719855777391e+01
5.555887291422953922e+01
5.538272355790530099e+01
5.532817663144048481e+01
5.510108787971606148e+01
5.565803348423532526e+01
5.504302040680325092e+01
5.554627573136080088e+01
5.531024079422375905e+01
5.531507033351052627e+01
5.533903432202996697e+01
5.565595374229860681e+01
5.530560591759449807e+01
5.568834491007223164e+01
5.576225111333019413e+01
5.600197935177491360e+01
5.565153214056116582e+01
5.517777705850909342e+01
5.536840852654214729e+01
5.512053541869969564e+01
5.570605852953791981e+01
5.530108388947623865e+01
5.520984400416541860e+01
5.564782334205695236e+01
5.550070823085336258e+01
5.581101560715337939e+01
5.506053090557271190e+01
5.561027417731479261e+01
5.531790193909586151e+01
5.583158481607932799e+01
5.564761788039844248e+01
5.508278523785200065e+01
5.570244991400146972e+01
5.536280471601505582e+01
5.559546304318740084e+01
5.519756493753794047e+01
5.569887247454479251e+01
5.550082806355364795e+01
5.538983302325804203e+01
5.543507472576082051e+01
5.559516233074423042e+01
5.504246931150210287e+01
5.553974232362867980e+01
5.536828565803994451e+01
5.522258146278119995e+01
5.514490936619372263e+01
5.522019979995386052e+01
5.517862348908225556e+01
5.560596942721443980e+01
5.515865712540058752e+01
5.543682710650972467e+01
5.562684996721900177e+01
5.524964644262715296e+01
5.511312443983978682e+01
5.669587531794139323e+01
5.526199258081808097e+01
5.543152356936590763e+01
5.564501452041090346e+01
5.501812887182121870e+01
5.527212202716139444e+01
5.519781921767553712e+01
5.570575818292881820e+01
5.547798379626188137e+01
5.571123068876094919e+01
5.570920980071009154e+01
5.541486506414697999e+01
5.077271217843149742e+01
5.556576259340597801e+01
5.534573923839425902e+01
5.510513837630618639e+01
5.522376820597975211e+01
5.554458603499156055e+01
5.500121559445089048e+01
6.789894411421718701e+01
5.623422232836426815e+01
5.574720813508988471e+01
5.576903657270633374e+01
5.548985332871686182e+01
5.551962004964164521e+01
