-7.159137153497568268e-03
3.658296392686679731e-03
-1.054644482334879223e-02
-2.385481107912028331e-02
-1.017892339970205701e-01
2.258827551159470204e-02
-2.186316626568498081e-02
-2.756918012218989231e-02
-6.421282842117989609e-02
-2.414594196836787957e-02
2.405369209117054485e-02
-9.148744969954804296e-03
3.665806337602589560e-02
-1.199764370876550863e-02
3.597153798558849758e-02
-2.947589154190836946e-02
-4.212593415565720617e-02
-1.570502748601200135e-02
-2.090736942418516212e-03
9.393264625197161963e-04
-3.187755414920730168e-02
7.173829478872108256e-02
-3.667641946606977482e-02
-5.671760077371118536e-02
2.126726797081005330e-02
-2.791180063480226334e-02
-6.628804643480805392e-02
-1.240472054995530038e-01
2.508319308084423771e-02
-2.444701570838219568e-02
-2.350333786000476100e-02
3.209459793861810933e-02
8.023911078114452297e-03
-2.512604372582245751e-03
-1.267508854358766202e-02
-1.086678014302265224e-02
2.888648204262210528e-02
2.442560631455705650e-02
-4.933266933956645395e-02
1.127074860272557488e-02
1.516227646827701409e-03
4.702755182575362181e-01
-2.207714592391141553e-02
3.116078466887284848e-01
8.982246559848533485e-02
-5.141544810527136355e-02
-1.052299494932361773e-01
-3.135636551805930788e-02
-1.797850543484742075e-02
-5.051741016155233618e-03
5.606290467293661289e-02
-4.048105331104011329e-02
6.797056978473392692e-03
-2.638798505076806605e-02
-7.094442842532772131e-02
1.260965399103042804e-02
1.267578473208368361e-01
-7.070035558222570460e-02
-2.659654559497426005e-02
7.736213374066096271e-03
-5.049934964318822384e-02
1.450031891167895964e-02
-2.209578716319128902e-02
3.647506053125084552e-02
-2.370427459018003419e-02
-2.562778759510706689e-02
-2.553273902315982280e-01
-1.343201766991740029e-02
-3.021394065214622060e-02
3.929443568136889442e-02
-3.629928666155479017e-02
-1.035370450298785279e-02
-6.873033689658996324e-03
-4.138104471616430025e-02
-2.283300550386570607e-02
-5.684268307351999366e-02
-4.688171941121481445e-02
-3.140863650618541669e-02
3.281243345809627815e-02
-1.002600149903912566e-02
-1.564426980043094606e-02
1.588043098095908920e-02
5.561297366251153479e-02
-3.753623033929556763e-02
-3.016535161318415620e-02
-8.291045612078279045e-03
-1.301662203178011699e-02
-2.788757381709388097e-02
2.823040519916616975e-02
2.214892493137199467e-03
-2.057018724504360019e-02
-3.769434660227943823e-02
3.814816064496085596e-02
1.211806538286737183e-03
-1.134012799726758641e-01
1.505547321745154959e-02
-3.344655134020342591e-02
-2.900910309430571390e-02
-2.174669248923123688e-02
-3.816121388309397927e-02
8.597246333586099076e-03
3.062895214598881921e-02
8.989673523495014806e-02
-2.512609932247232836e-01
-1.426445699353962558e-02
4.776883069383416197e-02
-2.418922451353296144e-02
-2.561563807788502442e-02
2.317730855838362816e-02
1.351282137237944797e-02
