1.611678319263990034e+01
3.413705537562236714e+01
1.771615857175827458e+01
3.620852506159898354e+01
2.844075686738922570e+01
1.686010436626087738e+01
3.573097023744445977e+01
3.285087668668543870e+01
2.147521101696842294e+01
2.785301093604066835e+01
3.494365428087493797e+01
1.689999488061022959e+01
2.360594936143044364e+01
3.254315064610185715e+01
1.794965730906720225e+01
1.016610253968256750e+01
1.771758813023214429e+01
2.932447150799534441e+01
9.913105626965380779e+00
1.293992664085003241e+01
6.048411430323582749e+00
1.942182046696739661e+01
2.309025698761132972e+01
3.695526107034665131e+01
1.489059775597725199e+01
5.654233425384367351e+00
1.160795513302833193e+01
2.607713305906300150e+01
3.340000142062070410e+01
1.068019274835894983e+01
2.265144002494505315e+01
1.853750082142992284e+01
1.251546068816879753e+01
2.709402593841105755e+01
1.445128284845223199e+01
2.716884175363592036e+01
2.554728378045016868e+01
2.489622735228068962e+01
4.533672439320058700e+00
2.429110263964087935e+01
2.684184834181215606e+01
3.258133331415513823e+01
2.182231895589549708e+01
8.307985173833888126e+00
2.973734634075390559e+01
1.666213715440426313e+01
1.597720428402893944e+01
1.307176220323441385e+01
7.175501685115773576e+00
3.133318953575259869e+01
2.670781045026728862e+01
3.398318583520092062e+01
2.799194432720004855e+01
7.999439330246483237e+00
2.168322336216106550e+01
1.500796092312199370e+01
3.011655399978635472e+01
3.132860665002109712e+01
1.566272604224691989e+01
3.427948769755361980e+01
2.990439931957843100e+01
3.648448228105188207e+01
2.666208070324162094e+01
2.406959839426675885e+01
