5.557117765298706757e+01
5.569100663888225000e+01
5.506569533427818897e+01
5.552292047144124609e+01
5.541967257048861484e+01
5.553638113039770730e+01
5.533567320619727781e+01
5.536057592650814740e+01
5.505158540472386619e+01
5.533535700759617271e+01
5.577136661514956018e+01
5.502552249869197709e+01
5.513775933855981748e+01
5.574616864311860809e+01
5.520269423163532707e+01
5.584492163197308656e+01
5.544298531093716065e+01
5.570877961589769711e+01
5.575889959873462942e+01
5.582271184256429564e+01
5.570775620373466097e+01
5.521835909993848901e+01
5.548475042554461822e+01
5.557291890170934323e+01
5.504147711638915297e+01
5.521098327486720336e+01
5.575263729722945527e+01
5.518116654688559208e+01
5.529357358608209694e+01
5.547362094287596790e+01
5.573429871165374294e+01
5.574037505746002807e+01
5.524469919504873161e+01
5.524600150877770943e+01
5.541234955052382105e+01
5.560501324447180593e+01
5.522073105118415270e+01
5.523952295128226808e+01
5.504843360678309239e+01
5.533216980422496079e+01
5.512278391793373089e+01
5.510703990919738260e+01
5.556554722685667969e+01
5.507073024284264307e+01
5.544020315967161139e+01
5.520006884144134318e+01
5.578743123899590728e+01
5.559905241133222376e+01
5.548033062754741707e+01
5.507879954973351744e+01
5.551229801785819262e+01
5.531878876632948305e+01
5.510950914771687792e+01
5.553849947616151894e+01
5.563533879417497729e+01
5.559502269905453886e+01
5.545703440339537593e+01
5.516577091943069178e+01
5.505363450232216849e+01
5.556690072682639681e+01
5.509699774966583163e+01
5.555815013355369558e+01
5.566718693611424129e+01
5.552005349671113521e+01
5.512233169467250349e+01
5.578180146736046652e+01
5.565056237329297772e+01
5.527372283222575078e+01
5.512711058479131054e+01
5.551053172530391322e+01
5.555875082888640293e+01
5.572575042388419320e+01
5.554756118470357507e+01
5.547212849970628668e+01
5.526410668371960355e+01
5.575309310940868812e+01
5.566846980538542056e+01
5.537307380754830888e+01
5.564507293992152626e+01
5.525010499065717084e+01
5.561498778659133535e+01
5.546326727026155368e+01
5.540288400126089385e+01
5.567997365889039685e+01
5.548916784842368344e+01
5.557558556342988965e+01
5.545707780401591691e+01
5.573113567451709116e+01
5.553859083017596987e+01
5.508275813207757210e+01
5.570670681490275200e+01
5.520757078173728161e+01
5.515611986357031071e+01
5.522313003218295790e+01
5.545164276843907203e+01
5.560034364866268675e+01
5.506020661430373053e+01
5.561749512550836272e+01
5.500124629573262780e+01
5.559929677859607011e+01
5.510355801093123773e+01
5.578585556129596057e+01
5.501225003210856812e+01
5.556931902594044459e+01
5.539243992841912956e+01
5.511747842097090455e+01
5.533135436873813262e+01
5.509211210738693154e+01
5.521231989411078445e+01
5.530897098915293952e+01
5.553132808375596596e+01
5.506296623041706795e+01
5.510970587463565806e+01
5.571800607318069609e+01
5.531808350069601232e+01
5.524858496239274785e+01
5.574106435141072069e+01
5.572738965994800253e+01
5.543162611660275019e+01
5.532492301817208613e+01
5.502414558694913893e+01
5.566815201293405835e+01
5.514063721368005133e+01
5.555785141794994786e+01
5.545334454655679224e+01
5.559270292790626655e+01
5.568576623203384202e+01
5.512144882763794129e+01
5.543988097937960191e+01
5.514253286645520546e+01
5.502821442444980704e+01
5.560699357356484995e+01
5.543525525577938140e+01
5.528810361065001189e+01
5.518291727735694963e+01
5.558374943608247065e+01
5.533546580054603936e+01
5.522957887130832688e+01
5.523590966106404210e+01
5.525407655902235149e+01
5.565260431090124627e+01
5.536546007067833841e+01
5.545629954344560275e+01
