2.000000000000000111e-01
3.516666666666666607e+00
8.050000000000000711e+00
1.146666666666666679e+01
1.483333333333333393e+01
1.926666666666666572e+01
2.219999999999999929e+01
2.546666666666666501e+01
2.864999999999999858e+01
3.171666666666666501e+01
3.591666666666666430e+01
6.001666666666666572e+01
6.183333333333333570e+01
7.279999999999999716e+01
7.758333333333332860e+01
8.908333333333332860e+01
9.193333333333333712e+01
9.528333333333333144e+01
1.011666666666666714e+02
1.047166666666666686e+02
1.119500000000000028e+02
1.188833333333333400e+02
1.225499999999999972e+02
1.259333333333333371e+02
1.293000000000000114e+02
1.336333333333333258e+02
1.383000000000000114e+02
1.450666666666666629e+02
1.474666666666666686e+02
1.580666666666666629e+02
1.714333333333333371e+02
1.754166666666666572e+02
1.812166666666666686e+02
1.839833333333333201e+02
1.865500000000000114e+02
1.944000000000000057e+02
1.970666666666666629e+02
2.021666666666666572e+02
2.063166666666666629e+02
2.092666666666666799e+02
2.152500000000000000e+02
2.196333333333333258e+02
2.248833333333333258e+02
2.269499999999999886e+02
2.291999999999999886e+02
2.348499999999999943e+02
2.369000000000000057e+02
2.393166666666666629e+02
2.463833333333333258e+02
2.511999999999999886e+02
2.544666666666666686e+02
2.609499999999999886e+02
2.678999999999999773e+02
2.695333333333333599e+02
2.696166666666666742e+02
2.774666666666666401e+02
2.867333333333333485e+02
2.938999999999999773e+02
2.978500000000000227e+02
3.063999999999999773e+02
3.099166666666666856e+02
3.136999999999999886e+02
3.226999999999999886e+02
3.278999999999999773e+02
3.316000000000000227e+02
3.356333333333333258e+02
3.390000000000000000e+02
3.422666666666666515e+02
3.468999999999999773e+02
3.497666666666666515e+02
3.553333333333333144e+02
3.571333333333333258e+02
3.614166666666666856e+02
3.662833333333333599e+02
3.703000000000000114e+02
3.748166666666666629e+02
3.782333333333333485e+02
3.815666666666666629e+02
3.874499999999999886e+02
3.899333333333333371e+02
3.940666666666666629e+02
3.976166666666666742e+02
4.066333333333333258e+02
4.127333333333333485e+02
4.154499999999999886e+02
4.228166666666666629e+02
4.261333333333333258e+02
4.300333333333333599e+02
4.335833333333333144e+02
4.392166666666666401e+02
4.457166666666666401e+02
4.470833333333333144e+02
4.504666666666666401e+02
4.546166666666666742e+02
4.563333333333333144e+02
4.603500000000000227e+02
4.650333333333333599e+02
4.684499999999999886e+02
4.790166666666666515e+02
4.830000000000000000e+02
4.872500000000000000e+02
5.016333333333333258e+02
5.043833333333333258e+02
5.170833333333333712e+02
5.206000000000000227e+02
5.250000000000000000e+02
5.276166666666666742e+02
5.321666666666666288e+02
5.352166666666666970e+02
5.390333333333333030e+02
5.487833333333333030e+02
5.541666666666666288e+02
5.583999999999999773e+02
