3.539792772800338128e+01
2.825431828475593932e+01
3.239735387868348937e+01
1.783967109205718415e+01
2.107065450685512786e+01
1.849891090734523758e+01
-7.546074984542627817e-01
2.786644985737522617e+00
3.088317021601897139e+01
2.089085354433532515e+01
3.759355369443606776e+01
2.971814872633401272e+00
1.972244965351624302e+00
7.297345634548827675e+00
3.666160326000665037e+01
3.300184175261384212e+01
3.410574783563065182e+01
3.414265450630576026e+01
3.556096065932258909e+01
1.269811684747072000e+01
1.487383280527048335e+01
1.129533499020499576e+01
2.610176596170212449e+01
8.118787078201698648e+00
1.234143787552460481e+01
1.845392948271721067e+01
1.206879489025402741e+01
1.820900080904539919e+00
2.743159155911886415e+00
2.360207394117743718e+01
9.659978253050990560e+00
1.998816471583376142e+01
2.129297726775000754e+01
1.728821130812353957e+01
2.638116023656058573e+01
3.150694278749400112e+01
3.717075096057173056e+01
2.734572004274435741e+01
2.029338049961736345e+01
1.044805026673441972e+01
3.234762809279423834e+01
2.986743990020683981e+01
1.016582342966325037e+01
9.537490015500551976e+00
4.692791901633811769e+00
5.456958097656887219e+00
3.769913735887772077e+01
2.565446894950123990e+01
3.222526524681259730e+01
2.379948235951318480e+01
4.705040333298018851e+00
3.662187983757422671e+01
2.942564065579261978e+01
1.885427358124239916e+01
1.340432203487124552e+00
3.144532695707990655e+00
3.331011539354862805e+01
3.200355524801446450e+01
3.274125154569419749e+01
2.197101938283026001e+01
2.233093456273733679e+01
1.074952965681040595e+01
2.879703842883413145e+01
3.195222304819655434e+01
1.798087306993222612e+00
3.159218436150719000e+01
1.204242923737752058e+01
2.610587340007072044e+00
7.535390029695737013e+00
2.528325434374968950e+01
1.678828731968511079e+01
2.899392939739103880e+01
2.407389444671581558e+00
1.915377018648822727e+01
3.513461318953719825e+01
3.628950387218007023e+01
2.698507134406380459e+01
7.790782744767856371e+00
4.405160359247892288e+00
2.106928561820643697e+00
1.070522548783152317e+01
2.816038238487940149e+01
1.765924823029413204e+01
1.742480927199957108e+01
2.169838237854108343e+01
1.879985833639729620e+01
1.197050611337083659e+01
3.347610829452568737e+01
1.339838431918738060e+01
2.670580933644297161e+00
1.958143434377203951e+00
1.560251670677687663e+01
7.360181703728545521e+00
1.473087053283621373e+01
3.312905671194674539e+01
2.866496919614431249e+01
1.337163276982161975e+01
1.999821197841001919e+01
2.999082623145552873e+01
2.191990628354583848e+01
2.925496132034896135e+01
1.585143602367200799e+01
8.903115998716794266e+00
3.350278560395635452e+01
-4.025246786307739910e+00
2.956104089731885054e+01
3.013210078268614112e+01
3.066648254159764519e+01
3.662713331200627209e+01
2.401087930478656318e+01
1.781244256303408102e+00
7.403870840026663736e+00
7.391686280228869421e+00
-1.779401108230087800e+02
1.037083257359911137e+01
2.223153543649050690e+01
2.584194260204548499e+01
1.543321903314244459e+01
