7.704219862878289651e-03
-1.145978424782356266e-02
3.750394019177747274e-03
-6.162853346490124173e-02
-2.214379944002541900e-01
1.595007972210646663e-01
3.227680926465065214e-01
-3.200017246991380682e-01
-5.873247839530790909e-02
2.442498590163836442e-02
7.597024177393905085e-03
-1.378201483398792948e-01
-1.437536162611233737e-01
-6.788545810031053340e-02
1.385828700293814143e-02
7.291254957556589367e-02
2.163160589904805364e-01
2.145973643564502763e-04
2.158224145060557916e-02
-6.192028363388317469e-02
-1.434860700454089477e-01
-6.338506332653480457e-02
-6.322852811832603559e-02
1.993622750053845177e-02
1.813361630288301274e-01
-2.170990083575657092e-01
1.630774096103152632e-02
-1.522854349388279571e-01
-2.484467835632291621e-01
3.066576005159049514e-03
1.228452900252932460e-02
-1.457518096885678516e-01
-1.695671271100991423e-03
1.018957627001668663e-02
-1.503870899914090953e-01
-5.358209224392453812e-02
8.352176937925151479e-02
2.833875418087916653e-01
7.224781807178146109e-02
-6.335328279445434640e-02
-1.517389070993431250e-03
6.950196775750669409e-02
9.531037438024725361e-02
-1.589034886030958604e-01
-1.370345840207511379e-01
-1.574110342580641586e-01
2.374533330263147932e-02
7.520962409404319433e-03
-5.810077758059151339e-03
-9.453280291843600969e-01
-1.369883165168357675e-01
-5.814172911125524423e-02
2.810975165685761223e-01
-1.529597454173324544e-01
8.390156151587340183e-01
1.206306615076964267e-01
1.054712108412434179e-01
6.467609309682983976e-02
-1.163699291883494857e-01
-2.063537393279022969e-01
-3.126395297564965592e-01
-3.093580702683862982e-01
-5.908041112556702834e-02
9.016451537296575613e-02
-5.897644424535272711e-02
2.221810429962829334e-02
-6.375870856182530577e-02
-1.599273935220024700e-01
-3.209410886806171037e-01
7.306392524200532035e-02
-1.523670800482153642e-01
-2.949673512650065055e-01
-6.018369630153088540e-02
-1.573594318112054580e-01
-5.344482310112880219e-02
4.411497231633348254e-03
-6.453240574793767115e-02
-1.556424818171691926e-01
-5.061871084322021319e-02
-5.119221278026529071e-02
9.317548021123173152e-02
-1.449222476393140502e-01
-2.269502952688287611e-01
-2.274717267172593482e-01
-2.813040769054430124e-01
-2.968551031018182851e-01
-1.586406167918710253e-01
-5.967526430797306936e-02
7.495661924278351589e-03
-3.274925392854028394e-01
2.140289061408083282e-01
-7.508606652745526688e-02
-2.978308311333341951e-01
-4.361392462104259904e-01
-5.960246645385041189e-03
1.320247468901834531e-01
-4.930080714424707189e-01
-3.104802880652880459e-01
9.934321911975985478e-03
-7.432428618370522100e-02
1.963038274043924641e-02
-3.739511306529664236e-01
-1.642694021923176706e-01
-1.239735208764704971e-01
6.410720138815577396e-02
1.014490127693581023e+01
-4.450604136907443831e+00
3.020184758477171411e-02
8.444098718375698046e-03
-6.617461315867217975e-02
2.324467692447787504e-01
-3.088877965014990012e-01
-2.407879540484756475e+01
5.585492036575266184e+01
-1.370227267944210403e-01
-2.830966793109883084e-01
-2.022187491396005010e-01
-2.255087550023819054e-01
