-1.477666958813642767e-02
-1.303514374309429520e-02
2.395748139105080489e-04
-1.442453814163968673e-03
3.782593059200507757e-02
-1.282689759885272465e-02
1.198258256676467716e-02
2.361106123243530280e-02
-2.824100736568823170e-02
-1.213087885506752145e-02
-3.835637035884815332e-02
-3.911204359151270078e-03
-1.353877411310122538e-03
-2.123429003507794691e-02
-4.396441237834096405e-02
-6.404874542968172664e-03
2.347505322339486777e-02
-1.399014692172500032e-02
-1.469140575061942365e-02
-1.701574051364218619e-03
-4.200341431582614582e-02
-5.391357682656860301e-02
-1.621305772754908642e-02
-5.022466725521439884e-02
-1.313384273305473536e-04
-1.785665646266806905e-02
2.342415541208765772e-02
-1.304255165799816062e-02
1.209252420571829169e-02
-1.684083699746679458e-02
-8.382888069393175032e-03
-2.047498008166599021e-02
-3.159155723177946296e-02
-1.590430277632321962e-03
-1.824989591474718634e-02
-2.513179187146988638e-02
1.232361909984433686e-02
-3.485842048081622189e-04
1.224948906326687841e-02
-1.066402082125250759e-03
1.037211054013994355e-02
-1.310759344405027990e-02
2.730988394236305919e-02
-2.753015547987899825e-02
1.414754748319523893e-02
1.428493705855942222e-02
-1.442309861665250909e-02
-1.417772085683509375e-02
-2.065416749171049456e-03
-1.333186111398617854e-02
1.169529473241141121e-02
-5.182509105087376722e-02
9.384975369491144540e-03
1.149314427940794324e-02
-1.616958787046655910e-02
-2.810925330683062412e-02
-7.811925585679091542e-04
-1.293119131305161401e-02
2.044067526062008297e-02
-2.249697178510814272e-02
1.433620671897983812e-02
1.129034830401110488e-02
-2.291328326617758475e-03
2.656467275842032752e-02
