nan
nan
nan
nan
nan
1.371585370365635548e-01
3.418231667099924653e-01
2.238485480639803571e-01
3.585656018059000250e-01
2.531269804369993270e-01
2.673594968281972628e-01
3.134853578686876974e-01
4.989397013483835019e-01
5.681636553952920110e-01
4.954264526974290206e-01
4.549315116641503565e-01
4.770313043526955843e-01
4.716163862784406025e-01
3.902804506565390463e-01
3.947633135512110814e-01
3.212091280889295408e-01
3.550098437546725938e-01
3.278396471757665243e-01
2.006972142997001107e-01
1.082259934919017619e-01
1.287110552082967319e-01
7.516741164602491754e-02
2.142571486272780712e-01
1.879947365681883253e-01
1.898824467649761205e-01
3.521084338072760778e-01
2.654299178851531327e-01
3.247446759795323823e-01
6.195182656971396362e-01
4.086165246825982367e-01
4.529484690086359455e-01
4.886369562120522758e-01
6.915935515084861152e-01
6.406385417048550135e-01
6.172207422437863134e-01
6.620079378127827763e-01
7.579653281855197600e-01
7.302430730092457356e-01
7.078135305997697024e-01
5.881970018527651334e-01
7.642137582264239004e-01
8.128170835023638130e-01
7.723475267447952319e-01
7.654092957500777672e-01
6.043515029439179287e-01
6.226305070801392283e-01
3.859213809186305966e-01
4.436508651332631281e-01
3.054743034865150531e-01
1.732682623459590454e-01
3.059488681405355681e-01
3.377401273166343865e-01
3.222162821202085858e-01
3.275274672102692630e-01
3.462092855325156204e-01
3.388777400222342528e-01
3.581441169853237794e-01
2.658384610045478880e-01
1.712372230417574803e-01
4.271509892381408768e-02
4.180248231369987355e-02
4.184765936415146825e-02
4.004607745285559961e-02
6.294432887901602047e-02
4.188873519485225572e-02
9.649609146180970765e-02
6.096097569871861133e-02
9.203972142786964739e-02
5.116883631422608492e-02
9.757338113042945960e-02
7.960169849492559901e-02
9.379242332266546356e-02
9.625558195162209341e-02
1.793019088357925561e-01
6.826076625043275836e-02
1.372611933864342770e-01
1.408654331663548032e-01
1.003848544646752661e-01
6.089108674105181418e-02
7.662217709918517361e-02
6.548974283114505912e-02
8.690499839455934072e-02
1.475621643886155798e-01
1.444899300794618702e-01
1.661325977348404592e-01
2.228620808621456506e-01
1.919347567430974566e-01
2.264918777297626473e-01
2.752108405194535479e-01
3.209937779656270029e-01
3.310086637540256005e-01
2.780448595148512503e-01
3.049744116347093970e-01
3.993739389709642928e-01
3.776647533741537277e-01
4.044171264122679021e-01
5.205909943496105363e-01
4.077049458455651587e-01
3.934311588719892061e-01
4.873093428968600094e-01
4.039439443915975314e-01
4.748762589660797673e-01
4.524014942979023290e-01
3.048626583913899291e-01
3.028689099260590822e-01
3.471759114055184003e-01
2.596694569827927568e-01
4.135836721118383297e-01
2.759131325762640419e-01
2.607906586284796102e-01
1.696478074550461512e-01
1.536857322678012450e-01
2.740392961236471914e-01
2.603669449339659492e-01
1.611735602280459645e-01
1.005930146117018920e-01
1.114044649202600157e-01
8.472053077092545070e-02
1.016285894044863802e-01
8.679980892615413168e-02
4.141537714214316157e-02
3.939411328700836989e-02
1.850072012141297240e-01
nan
