nan
nan
nan
nan
nan
4.929286405442777630e-01
5.444649469040467871e-01
4.944315660528547651e-01
5.431057619597559061e-01
8.041949113288359152e-01
8.915498357547421149e-01
5.823761497728797698e-01
4.680508173516934045e-01
7.271865128680138346e-01
9.202965688429689539e-01
9.298429655119073711e-01
9.636207364978435219e-01
8.268599582401302550e-01
6.232864160943774046e-01
5.350708414614472330e-01
3.964473525038455515e-01
8.255416643181552327e-01
7.579989162225525545e-01
7.058861419799354886e-01
6.648144202300617644e-01
6.493055138239549606e-01
7.178261880700039788e-01
9.289084063626309451e-01
8.588291398122939180e-01
7.703354708162339914e-01
7.003781110665219245e-01
2.423390199426604941e-01
2.621035672602637367e-01
3.885567832827503398e-01
4.480085014799199961e-01
6.015065582884637774e-01
4.208049993351330453e-01
6.774058582423677644e-01
7.557155759471338996e-01
6.916925722594711168e-01
3.180534536790023958e-01
3.706803412204172643e-01
3.408381232214956480e-01
3.145604885858764854e-01
3.716735337530395755e-01
2.281302824244638705e-01
2.387907057488098950e-01
3.056011251304274756e-01
2.879083594490655651e-01
2.481507768348193421e-01
2.927645118605397556e-01
1.715710671531384124e-01
2.061321040103308855e-01
2.326402266532592300e-01
2.698184184687471010e-01
3.162773705698400661e-01
2.589368629132146049e-01
3.175608784711966281e-01
3.489958062422339191e-01
3.353216101048752673e-01
3.814151729678146863e-01
2.706594285366017427e-01
2.664544618670937615e-01
2.970746326307122098e-01
3.333087194059681790e-01
2.813563072262602605e-01
2.404573671533977164e-01
2.279030762062098647e-01
1.971036961257717213e-01
2.679354936892220929e-01
2.857646774913653598e-01
3.309385593411526827e-01
5.165471118523199401e-01
1.687737339309763884e-01
1.653398663599623397e-01
3.894395246656845444e-02
7.377278531041475684e-02
3.147215749561749210e-02
5.767931390571412464e-03
3.380922256305263218e-04
4.043200859229489907e-04
4.984263228813290425e-05
1.488750159706064835e-06
4.116501890472079594e-07
1.325631471593702315e-06
4.362384479206227184e-07
1.120645509611328805e-06
6.655259769949850579e-07
9.794191568879284659e-09
3.278069704570896192e-09
2.869163906460414637e-09
3.784333768575010026e-08
1.239517044560045633e-09
2.564745860134109989e-08
2.845751412294816873e-09
7.858086847889467208e-09
7.978515736972724426e-09
9.125731836867601032e-09
6.514114359035261259e-09
6.341479896754265155e-09
7.989586769951984024e-10
1.925605452868239809e-09
3.105098067557321428e-09
2.121863795778722306e-10
2.854808611729708900e-10
1.605455768327601618e-10
8.422883501779665494e-10
6.279861075597636955e-10
1.086544743067463514e-09
5.297158267580925894e-10
1.216620137967083792e-10
1.157982598698481524e-10
3.027689210455264401e-10
3.613822574521918796e-10
1.041277064572909694e-10
8.194711575981727947e-11
8.510980809006696290e-11
2.758182571227507651e-11
6.912126426783515853e-11
1.211653000154910842e-10
3.671585258047116440e-11
2.252198427754592558e-11
3.576317020304031757e-11
1.736832899723594892e-11
1.390509929422023561e-11
1.492617140996799208e-11
8.730238754139918456e-12
1.315996200901281554e-10
1.531905713392234247e-10
3.760503020089345227e-11
2.297795287375947737e-11
8.096545656144371605e-11
7.005818147831632814e-11
1.193866117077391209e-10
5.113276468904359717e-11
9.673339906868250182e-11
5.358591348425534306e-11
3.789568658874031826e-11
1.215427758438636374e-11
4.904165962216211483e-11
3.230049561153691684e-11
1.613775779674142541e-11
3.914213397848698150e-11
1.223199319611012470e-11
9.462874928090059257e-12
3.718747532133193090e-11
3.885780586188047891e-14
3.219646771412953967e-15
nan
