5.638856665750220998e+01
5.527957596101256144e+01
5.547271912969887353e+01
5.608945237721124499e+01
5.585998006943762562e+01
5.651671583868129289e+01
5.535624046516461760e+01
5.510871967517332592e+01
5.526528650993293468e+01
5.616726587040903951e+01
5.558543973495068258e+01
5.614637875013977464e+01
5.651166185138023934e+01
5.600269086444132682e+01
5.576916131370099805e+01
5.636798975260823141e+01
5.621068922337661888e+01
5.550863403615025504e+01
5.590430385141760183e+01
5.615095106484255894e+01
5.645203394586508949e+01
5.595541577967596680e+01
5.536255045704854894e+01
5.600650948326316581e+01
5.567522206544551722e+01
5.512579494849020278e+01
5.634838153748832212e+01
5.591255155974487678e+01
5.530526736555675171e+01
5.548777975121907957e+01
5.587514882490349777e+01
5.532928666847959676e+01
5.561563073066005813e+01
5.664523842100761897e+01
5.659561031623152161e+01
5.549668385076179788e+01
5.578276130995385529e+01
5.626222186757476607e+01
5.563252547895258004e+01
5.578773999157586161e+01
5.551747942751364207e+01
5.521803853077730651e+01
5.639405231412837338e+01
5.611145065366161333e+01
5.522272275210662684e+01
5.563279528627403181e+01
5.664886260441972610e+01
5.556057267654914966e+01
5.567346158771141518e+01
5.587882417774883237e+01
5.602468270119675253e+01
5.531191074776018013e+01
5.593718822920178724e+01
5.649736143235327290e+01
5.540801790644024294e+01
5.514649916372349736e+01
5.660272536016871214e+01
5.508727215050434722e+01
5.576138885069980944e+01
5.568708310547363993e+01
5.565025249641768568e+01
5.633298641540492468e+01
5.562590750696157471e+01
5.659614100956434157e+01
5.550091004407764217e+01
5.639508822977520452e+01
5.538328381296106073e+01
5.509697395641973117e+01
5.597524504944438917e+01
5.641674557977924565e+01
5.536130484704753485e+01
5.628469331877808202e+01
5.512989111103021145e+01
5.538360442039348186e+01
5.503668738206847166e+01
5.521070320614886384e+01
5.602484545643649483e+01
5.582918664134246711e+01
5.566402662824228287e+01
5.545593542396988340e+01
5.626877356656878959e+01
5.509675321362004041e+01
5.649441399210041226e+01
5.539213363834325321e+01
5.579943226361351094e+01
5.587790805212625855e+01
5.569486829576200648e+01
5.643923622875374946e+01
5.657652606379274829e+01
5.578915223511306465e+01
5.604396749345274031e+01
5.561624100139955118e+01
5.534214287364996920e+01
5.550410497943035182e+01
5.501879015521527094e+01
5.543091159852932037e+01
5.571298460405974140e+01
5.540281792769754787e+01
5.549054368514757130e+01
5.524163416096205736e+01
5.584381813580138498e+01
5.545957659574633425e+01
5.633955500867512711e+01
5.573721470554153967e+01
5.616501610137103029e+01
5.521829595483031738e+01
5.599153259750479350e+01
5.627639943062663264e+01
5.590733995477671670e+01
5.558741055206054682e+01
5.640075949317711945e+01
5.561708807470942162e+01
5.524015271090239310e+01
5.511618134188952922e+01
5.569151054751876018e+01
5.593727693194098549e+01
5.638227837277673160e+01
5.556326702474829204e+01
5.573254733292071705e+01
5.534839098458893858e+01
5.621707073696514101e+01
5.564551463745949178e+01
5.525070268189652012e+01
5.543408058522557980e+01
5.592061792052277269e+01
5.587926487744653770e+01
5.539435799769037772e+01
5.540733855986253076e+01
5.606977441766677117e+01
5.576678825918231297e+01
5.520996890844701710e+01
5.602558374776295835e+01
5.642568587408175063e+01
5.570111665070088947e+01
5.562254260100849734e+01
5.605726581104913464e+01
5.646606443357151051e+01
5.597626996081213235e+01
5.529469599062099405e+01
5.512303523597634580e+01
5.510993367915195051e+01
5.574126801061766656e+01
5.523281712455268888e+01
5.507963549956078708e+01
5.533440331784033361e+01
5.582893481443706918e+01
