nan
nan
nan
nan
nan
8.479553159278478969e-01
7.586199870127766642e-01
6.086372571484087723e-01
2.930093056840393784e-01
1.105961955458621970e-01
1.575168053392982381e-01
1.796162972366797117e-01
1.762911975034893164e-01
1.587767998917892776e-01
2.603134077780618894e-01
4.257861951319875660e-01
5.118600060665721152e-01
2.848783068370017713e-01
4.851804679044390278e-01
4.735276142129238863e-01
4.911341113573991501e-01
4.480267682344796221e-02
3.097570709732588856e-02
4.928283352055928823e-02
1.219660522446545103e-01
1.946670723810608461e-01
1.956811626005792171e-01
1.126990788971988788e-01
1.799162139082512990e-01
2.463431034222611782e-01
2.464568500050436928e-01
2.971315982628222052e-01
3.607260271600633006e-01
4.924884282518138257e-01
5.730327330625912818e-01
6.222879878600187098e-01
6.251590838556435603e-01
5.414877727780385008e-01
4.123563863160020215e-01
2.866065204589444138e-01
2.322732614346161295e-01
1.333807335244174830e-01
1.089466158747566249e-01
8.361839292144002123e-02
1.926497483291100821e-01
1.638695121248888720e-01
1.082587314523612010e-01
2.846849041743929609e-01
2.564669371919380270e-01
5.331678458610531468e-01
5.187872166934861529e-01
6.505880548278782927e-01
3.726578392589274813e-01
2.274035232038672527e-01
2.445839082656378061e-01
3.154654313796007026e-01
9.596872566213532352e-02
7.675071527152044215e-02
6.451184972679357976e-02
3.840012145739091221e-02
5.095677678870791372e-02
7.241798500408624939e-02
5.375868310041753695e-02
9.646237247089495259e-02
6.320473322084774193e-02
1.018884155911172762e-01
7.286887784048956540e-02
1.329965523795697546e-01
4.524019947653379337e-02
5.888880310069444235e-02
3.710124799102421100e-02
4.372356597055548910e-02
4.517601623271239042e-02
5.048826272052175934e-02
1.338308264255131386e-01
8.439529851115745718e-02
8.473635283390290596e-02
1.006078570568561537e-01
1.176130092945181227e-01
1.246841841846356713e-01
1.407034097591156607e-01
1.237371724293993003e-01
1.130564120786790028e-01
1.247840827297808097e-01
1.240781135672001101e-01
2.129991689205377181e-01
2.444892384254028217e-01
1.978609722488349210e-01
2.799407027889417865e-01
3.499070374848051168e-01
3.846157010122367437e-01
3.906660307757897632e-01
4.392775765666319110e-01
5.172993453615072346e-01
4.442658134429772199e-01
5.647179990871520339e-01
5.401240754908900321e-01
3.589597279050656953e-01
2.975673893453217866e-01
2.742066961372581213e-01
2.190938999536792275e-01
2.514637999745420460e-01
1.276991435609502457e-01
1.937832504460701433e-01
2.342887711680848861e-01
1.626238520013360001e-01
2.052317589927123986e-01
2.676578793040172988e-01
2.392468983256209603e-01
1.514500950358996789e-01
1.043289551620010247e-01
1.475458596877224915e-01
7.620576071500850812e-02
1.130245317364859670e-01
6.657468622909290534e-02
2.380530233370296012e-01
4.280873032933161237e-01
nan
