nan
nan
nan
nan
nan
3.481000000000000205e-01
3.076999999999999735e-01
2.565428571428571280e-01
3.175999999999999934e-01
2.841666666666666785e-01
2.484999999999999987e-01
2.145545454545454422e-01
1.913999999999999868e-01
1.733384615384615246e-01
1.651714285714285801e-01
1.887333333333333363e-01
1.854999999999999982e-01
2.054294117647058882e-01
2.811333333333333462e-01
2.649421052631578677e-01
2.451000000000000123e-01
3.501857142857142668e-01
3.187181818181818449e-01
3.037739130434782830e-01
3.054999999999999938e-01
2.785000000000000253e-01
2.601230769230769013e-01
2.460555555555555551e-01
2.478142857142857092e-01
2.586413793103448100e-01
2.575999999999999956e-01
2.552709677419354728e-01
2.389499999999999957e-01
3.085848484848484619e-01
2.822000000000000064e-01
2.604142857142857093e-01
2.679000000000000270e-01
2.623567567567567371e-01
2.538421052631578689e-01
2.576487179487179646e-01
2.436000000000000110e-01
2.417268292682926700e-01
2.413666666666666738e-01
2.466627906976744111e-01
2.470636363636363741e-01
2.387222222222222245e-01
2.151956521739130379e-01
2.219446808510638358e-01
2.136333333333333417e-01
2.146285714285714186e-01
2.240000000000000047e-01
2.220196078431372622e-01
2.204615384615384588e-01
1.927018867924528422e-01
1.905185185185185315e-01
1.915909090909090895e-01
1.806999999999999995e-01
1.746280701754386044e-01
1.641689655172413886e-01
1.671762711864406836e-01
1.604666666666666741e-01
1.566163934426229587e-01
1.651129032258064622e-01
nan
