2.895546334651654163e+01
1.200607951546200880e+01
2.461295515283724100e+01
1.511680134478632809e+01
1.683383830358029343e+01
3.258910772437504022e+01
2.348174034030295232e+01
2.081194506583766568e+01
2.286971894463662025e+01
3.477393711652859309e+01
8.446382811813219149e+00
8.507448410464185429e+00
4.922380323441091221e+00
1.375937901801123608e+01
3.560159957074456827e+01
2.052410322102988971e+01
1.598002089518826452e+01
2.684630927137698109e+01
2.592480224708721082e+01
2.179680495711280486e+01
1.016259292129656444e+01
3.305608733673341249e+01
3.149396810558152637e+01
3.153297450243612943e+01
2.592059169085222337e+01
1.095571460641222927e+01
1.594221282317235122e+01
6.582878833689861153e+00
2.334246285999322268e+01
3.808615227864839170e+01
2.506141560886987918e+01
1.842738613758949029e+01
3.810035508915571967e+01
1.048047587213930321e+01
1.937395307992906268e+01
3.070536116631723900e+01
3.403861101003446521e+01
1.785177161680520186e+01
1.120063198478050026e+01
2.249568182916023673e+01
2.354926790794054980e+01
1.369797469364075937e+01
7.377598420886291919e+00
1.596940244220631122e+01
8.970828954338330163e+00
2.095595400031321276e+01
1.732492278610882863e+01
3.276552803390436708e+01
2.134734224308003547e+01
3.641557962220979761e+01
6.408509259770410083e+00
1.357713247604614715e+01
3.306035291509912355e+01
3.526878842781606238e+01
3.624289298108875812e+01
8.698743825218688386e+00
2.305704500615486552e+01
3.276347626245691913e+01
3.325047279035495507e+01
2.542732796526180650e+01
2.189562169966549376e+01
2.022889438735794698e+01
2.306140834316990862e+01
1.758617819032719964e+01
3.675368775197767235e+01
1.012341366063389003e+01
2.939818755546957263e+01
3.199769743464015903e+01
3.125236178133652842e+01
1.693816253521566395e+01
1.547788194354309788e+01
3.479107394998986535e+01
2.922229459172898913e+01
3.423225731837637653e+01
5.518714061991359721e+00
2.172537988169781897e+01
2.921334889539232904e+01
3.140940994686530985e+01
2.184926322823777056e+01
3.643889218357116988e+01
2.669834734797422726e+01
2.515434227576843895e+01
2.305786913250375747e+01
8.605579443867188871e+00
3.651662557627926020e+01
3.629021604143576241e+01
1.829589816492941168e+01
4.441800724628082619e+00
1.781065774247171518e+01
1.733071308320775472e+01
2.430770037231690850e+01
6.250977723551454979e+00
1.177695145251431619e+01
8.101300262611403014e+00
1.138909227823441128e+01
2.002250933023893964e+01
1.146179051299275642e+01
2.933613134740126327e+01
3.175829813280655145e+01
4.158222379392018553e+00
1.965077690896413998e+01
7.831473017129220615e+00
8.227098697816270345e+00
1.535254661827544886e+01
1.599964339294142590e+01
1.748632557144485133e+01
5.516243868488169610e+00
1.116483784598153939e+01
1.403123099957850783e+01
3.303653913649714724e+00
6.134392706481683888e+00
5.378211599149853583e+00
1.100650014377249164e+01
8.343479468170119873e+00
1.607983995584388737e+01
1.758647485476180350e+01
2.818306709072032845e+01
1.150575027279944429e+01
7.750402336648268609e+00
1.699616541067709008e+01
4.187788702707639032e+00
2.701074800673293552e+01
1.264298058769916366e+01
1.158512876581657025e+01
6.760847051503574789e+00
9.009912708177383323e+00
2.729794970845080826e+01
6.608222696204913760e+00
3.072003103710394356e+01
3.237192907104955708e+01
3.402255607682789673e+01
1.601975136970597191e+01
1.458985124724692461e+01
1.862855230040197085e+01
9.047056039825408291e+00
1.912869088260942263e+01
3.041956440007412965e+01
1.543833075080936013e+01
2.041312310954495501e+01
1.908911146515044877e+01
5.365249757098173866e+00
7.215681497346697171e+00
1.464957217206706730e+01
1.232461425268910027e+01
2.411316351056461826e+01
1.423403109453556858e+01
