-2.515817158606505899e+00
-3.544546238111990988e+00
-3.159925416256623265e+00
-4.372269587139033575e+00
-4.469438576739321434e+00
-2.479840381509188063e+00
-5.591126929529458778e+00
-3.115787289465020038e+00
-3.376397405170772359e+00
-2.943257013483567164e+00
-2.323350556264195177e+00
-3.342503252573232331e+00
-8.349018847536374466e+00
-3.605990272450570799e+00
-2.819051811726186685e+00
-2.950098621179540359e+00
-4.546207015563249243e+00
-3.393501788176392253e+00
-2.722491573907319662e+00
-5.350173008619854897e+00
-4.874071674563607459e+00
-3.109798610025068299e+00
-7.252445504838641810e+00
-1.393647514144670296e+01
-2.829260793693419984e+00
-2.769750372530674909e+00
-3.032660781887466683e+00
-1.641541165384230894e+01
-2.962903404707184052e+00
-5.371611435643579568e+00
-2.917080359724860017e+00
-3.436371281897713459e+00
-2.088816498949496392e+00
-3.283430737111039832e+00
-4.978814056971170743e+00
-3.552973523925858856e+00
-7.324767501154589411e+00
-2.994371184938609431e+00
-1.797898814763396302e+00
-4.529380222237122666e+00
-3.658333513206423859e+00
-3.819263772361351172e+00
-3.490989743568880144e+00
-8.818602401023600379e+00
-1.304020919295611236e+01
-2.626337176932171502e+00
-2.510672488243631761e+00
-4.384411827226552205e+00
-3.085371101039584119e+00
-2.031881459740292328e+00
-2.781311464945359191e+00
-2.931662256371447839e+00
-7.893112721794214082e+00
-2.422762752540887021e+00
-2.941812465401358878e+00
-2.822993929870833085e+00
-5.596778343086434404e+00
-3.024222176256252226e+00
-4.576189310721517245e+00
-2.630237970926396329e+00
-2.171032577555177312e+00
-1.359109622827889297e+01
-1.669796702470550898e+01
-4.204950142826792359e+00
-1.261077310106076865e+01
-5.177879437260450857e+00
-3.481620911121726891e+00
-2.473885037848114976e+00
-4.586757969887553799e+00
-2.923025494327601947e+00
-4.107325228439339782e+00
-1.856302627347298184e+01
-2.961611802467469801e+00
-4.787684157132524376e+00
-1.024473762997031301e+01
-3.859171870405823768e+00
-3.286288382763400406e+00
-1.132195583470104694e+01
-3.271743223508547516e+00
-4.164982310909749685e+00
-2.905880192963081754e+00
-2.608252074707092305e+00
-2.681737562877620107e+00
-2.851413332418747615e+00
-3.201246086747467245e+00
-3.291224740616847555e+00
-3.200166561835724011e+00
-4.235539381723627983e+00
-2.711153507531079754e+00
-3.146485167570514108e+00
-3.599997094711174128e+00
-3.358102894022529483e+00
-2.677665286337012063e+00
-2.099733520692812050e+00
-1.485786731518953019e+00
-2.367645097644851759e+00
-2.725514938579246760e+00
-2.614000929096373937e+00
