1.843983168988074829e-03
-2.417922895635695180e-01
-2.955215935167319619e-01
-3.911316365598420663e-01
-4.268516086326505365e-01
7.090871858483183306e-03
4.230151967054439355e-02
-9.871261861219978243e-03
-3.155306826525594577e-01
-4.369179594549609802e-01
-3.004891619407317090e-03
-1.212087786410052026e-03
-2.537407103755344728e-01
1.122148880295753721e-02
1.470420254306134197e-02
-8.808533146712420325e-03
-4.535976271513789126e-02
-1.517642389490617832e-02
2.497413302619975323e-02
-5.403246664604352892e-03
-6.456449766315017907e-03
-9.355422276636034262e-02
9.289113528061307412e-02
-6.204173669464694077e-03
-3.405700761321668255e-03
-8.159879761474258739e-03
5.517933045957761073e-03
1.989896622406490609e-02
1.443212810158343113e-03
2.311038593298178623e-02
5.389217690791952252e-03
-5.248943531956456326e-02
-3.197589425099067739e-02
2.354545932934456673e-02
5.072580074199208554e-03
-5.373201081980198690e-02
-1.718090982670673894e-02
6.648568466195627080e-02
-4.532781284405757588e-02
7.766271801440325501e-03
-1.152369369383450352e-03
-2.642061710230393656e-02
1.261401443567649466e-02
-1.952161105244897346e-02
-6.385121712985437729e-03
2.518341694201921971e-03
-2.921324062959797588e-02
5.587066223824877376e-04
-1.152623940042985830e-02
-1.117398145669312764e-04
-1.692978807273902778e-02
-3.136788777357366748e-02
-7.195217715393482580e-03
-1.890484899458044765e-02
-3.413973155641599616e-02
1.071536007869895030e-02
1.513202087321825040e+00
-6.559487081263740138e-02
-4.826629246290963134e-03
-2.435601831919086482e-02
-2.465314525035466886e-02
2.503533424402917124e-02
-9.175712482780228052e-03
9.063822721582709407e-02
-1.149875043490055683e-02
-8.496749510380255041e-03
1.610578922250908984e-02
3.937851772962176061e-02
-3.050362171236201819e-02
1.660533088052659409e-02
1.578224727042879666e-02
2.210489070001813317e-03
1.081189992635245300e-04
-4.074355403055847369e-03
-4.765451472118115844e-02
