5.533166525222178223e+01
5.997271884398040953e+01
5.627850972719566869e+01
4.818508029995525987e+01
5.757229884635621175e+01
4.963687403270134979e+01
5.869416838886866117e+01
5.119084937873407171e+01
7.043583559001875471e+01
5.464927347806317215e+01
5.593431745583516346e+01
5.564473095367691258e+01
5.972900524257454435e+01
4.341970980271977254e+01
5.531439325777316895e+01
6.058321406226760786e+01
5.611208549217657549e+01
5.533642164622281712e+01
5.539931574393844471e+01
5.509419471648386946e+01
5.505139404998234198e+01
5.503093604798883121e+01
5.509896266451592339e+01
5.547562534984160010e+01
5.531236546610924165e+01
6.107275265471992753e+01
6.761554490061337219e+01
6.203953090260386460e+01
5.554018109968448158e+01
6.144562980625978810e+01
5.546653516143285856e+01
5.899087689403474144e+01
5.771274669666743762e+01
5.962181170023493593e+01
6.327904405431740287e+01
6.442666607691820957e+01
5.495441440482232309e+01
6.676311152132817028e+01
5.566168005422527187e+01
5.512873229484525694e+01
6.194318775284356349e+01
5.617624662256351087e+01
5.518755088603767689e+01
5.502601213427507076e+01
5.503289951955770931e+01
5.513557103130172266e+01
5.517337264660817908e+01
5.511294470180695271e+01
5.543614347969044331e+01
5.537236284981185719e+01
5.555017323238971017e+01
5.560549711133384676e+01
5.551556689191760796e+01
5.538750464164809983e+01
5.511761562160872074e+01
5.495960543570190282e+01
5.513457296996327273e+01
5.507164538901261608e+01
5.508625233416275080e+01
5.535977603620717957e+01
5.505034977908052696e+01
5.536594902649903815e+01
5.543942819376425746e+01
5.531742623215416188e+01
5.540973821132803323e+01
5.502715034894156787e+01
5.555748205885044655e+01
5.511412366598213453e+01
5.529649644856026214e+01
5.512837784169747124e+01
5.579654873474218135e+01
5.538702457174490945e+01
