5.501232603270949539e+01
5.559477876183280642e+01
5.594473505203640684e+01
5.566729540845044255e+01
5.591109054866515748e+01
5.542425048834645196e+01
5.607598214967556771e+01
5.506006165734739000e+01
5.571997521963869104e+01
5.572262544232106762e+01
5.591802546601852697e+01
5.536823682126411938e+01
5.610419367383575917e+01
5.543174674169083005e+01
5.538497525988343284e+01
5.548669280491468214e+01
5.540447636084837058e+01
5.586255723418919672e+01
5.539346701565574449e+01
5.519567141391559773e+01
5.576976882546262004e+01
5.599456949464884303e+01
5.556877656562303258e+01
5.567780833869017698e+01
5.548020487219184815e+01
5.539314687649127933e+01
5.610277099499236186e+01
5.597020349213813972e+01
5.596085082572140124e+01
5.525381225342052005e+01
5.606136403181719174e+01
5.508979641022369123e+01
5.562172950395694215e+01
5.594374442195134378e+01
5.530716207508903182e+01
5.612559213010042924e+01
5.552047162971283001e+01
5.517227162871738955e+01
5.560077343990477772e+01
5.588766562208129329e+01
5.546256477155991860e+01
5.569512920776642062e+01
5.536926345654698878e+01
5.561948838925506067e+01
5.519520147703596535e+01
5.585890079872535807e+01
5.604775556769126865e+01
5.535679164092920246e+01
5.585688154621869472e+01
5.576496709662748685e+01
5.597076596570200735e+01
5.501620280836473853e+01
5.559083748554772342e+01
5.592452745978341966e+01
5.602342793763581597e+01
5.521216499237034014e+01
5.532256813859377331e+01
5.510503340430194896e+01
5.562772719882348582e+01
5.543427360831022099e+01
5.536691376925462293e+01
5.603433763553792346e+01
5.507832876438665437e+01
5.516447071188709828e+01
