-1.415575117705160224e+01
-2.369067966822637317e+00
-6.550152289640639225e+00
-1.424460685275473182e+01
-1.472783150271741448e+00
-1.302677762387827798e+01
-9.608576153982770762e+00
-6.308986895454303578e+00
-2.093090422397906991e+00
-2.005115387473638933e+00
-9.170944561527278438e+00
-6.227213455907101292e+00
-6.014194324653001189e+00
-3.461662321538979015e+00
-2.830978714370491645e+00
-4.981319185552191442e+00
-1.899436010607290726e+00
-2.074266837102182848e+00
-3.840731531028026779e+00
-2.889641527284663169e+00
-3.971437969260090739e+00
-2.345125048848187177e+00
-2.511457021971192916e+00
-4.772736422774183751e+00
-2.653969648517051638e+00
-1.639175542369263994e+00
-2.011126421190781954e+01
-3.778462907188252728e+00
-1.851753274897488311e+00
-2.604477641647219954e+00
-3.914529465553961529e+00
-1.664700254962493631e+00
-4.362141306899761872e+00
-2.636252899110091974e+00
-1.237928295214877394e+01
-1.740056165708127267e+00
-4.365839179411024062e+00
-1.460797896538556984e+01
-1.638810069153313620e+00
-1.214285526366292700e+01
-2.867775360918603411e+00
-2.492473729456044396e+00
-8.662635630008924892e+00
-2.090007066831539362e+00
-2.073302849979087981e+00
-1.420053111675397517e+01
-2.235779323555529885e+00
-1.567966029941367267e+01
-4.486625148094883997e+00
-2.318879131771513258e+01
-9.579517694261014071e+00
-3.074904194786759248e+00
-1.146220563332975573e+01
-2.059517321655539845e+01
-1.711700518243986835e+00
-1.805629270536798003e+00
-8.085362036744200509e+00
-2.954769833104695209e+00
-1.511397349876039797e+01
-1.297047546526371065e+01
-1.703413323520586076e+01
-2.647992596447352298e+00
-1.755583315712904025e+01
-3.776977587015828419e+00
-1.911474941953775541e+01
-3.452943641921516260e+00
-9.789930209980440168e+00
-1.479709483415574667e+01
-4.549063633083184399e+00
-2.022797997176427387e+01
-1.231936546962300483e+01
-2.036379555994492208e+01
-3.262555329442648144e+00
-1.745578649492085077e+00
-1.811114206384706193e+01
-2.206447195904479130e+00
-1.568993608521092398e+01
-6.702899276399438833e+00
-2.197010174343296640e+01
-1.626935625746224190e+00
-1.906204602755135369e+00
-9.065347769390729837e+00
-1.035410753552712748e+01
-1.840211580475855868e+00
-1.422759696504740035e+01
-1.141332826683739299e+01
-1.071577727709050620e+01
-1.390492730581825143e+01
-7.392966327106186952e+00
-9.895896412896753702e+00
-8.468807047865158921e+00
-1.136313710951516853e+01
-2.955835480907492041e+00
-6.785116038691034746e+00
-4.185513805243344265e+00
-1.541726865956108483e+01
-1.790253837828002048e+01
-7.433505304137920433e+00
-1.494822839833257433e+01
-1.886600960241011293e+01
-1.388643502771905247e+01
-6.822114600340112744e+00
-2.321725804605563326e+00
-7.964156918072674785e+00
-3.813997092209316264e+00
-2.439605525531822749e+00
-5.694268976110127056e+00
-2.820539272191432190e+00
-6.104098059242263119e+00
-4.079167068218882974e+00
-2.782171661032503351e+00
-4.459843010479712433e+00
-1.696887749978825966e+00
-1.329279966274313196e+01
-7.127622364679249145e+00
-2.363017070154574739e+00
-1.968271389837187968e+00
-1.469919755722767363e+01
-2.559728378992939923e+00
-9.640165072666782464e+00
-2.943419134840334905e+00
-1.055311159920962893e+01
-1.114163709138535197e+01
-1.435967982374416252e+00
-5.452890327864814424e+00
-2.299381722520777771e+00
-1.623864871902823026e+00
-1.742494338147608346e+00
-1.623254469192380256e+01
