2.000000000000000111e-01
5.000000000000000000e-01
9.333333333333333481e-01
1.333333333333333259e+00
1.750000000000000000e+00
2.033333333333333215e+00
2.466666666666666785e+00
2.783333333333333215e+00
3.133333333333333304e+00
3.433333333333333126e+00
3.783333333333333215e+00
4.099999999999999645e+00
4.400000000000000355e+00
4.833333333333333037e+00
5.166666666666666963e+00
5.466666666666666785e+00
5.866666666666666252e+00
6.233333333333333393e+00
6.566666666666666430e+00
6.833333333333333037e+00
7.200000000000000178e+00
7.633333333333333748e+00
7.950000000000000178e+00
8.199999999999999289e+00
8.500000000000000000e+00
8.783333333333333215e+00
9.116666666666667140e+00
9.466666666666666785e+00
9.883333333333332860e+00
1.030000000000000071e+01
1.066666666666666607e+01
1.109999999999999964e+01
1.141666666666666607e+01
1.178333333333333321e+01
1.213333333333333286e+01
1.255000000000000071e+01
1.293333333333333357e+01
1.326666666666666750e+01
1.361666666666666714e+01
1.411666666666666714e+01
1.451666666666666750e+01
1.483333333333333393e+01
1.525000000000000000e+01
1.556666666666666643e+01
1.586666666666666714e+01
1.628333333333333499e+01
1.669999999999999929e+01
1.710000000000000142e+01
1.746666666666666501e+01
1.789999999999999858e+01
1.841666666666666785e+01
1.875000000000000000e+01
1.908333333333333215e+01
1.944999999999999929e+01
1.986666666666666714e+01
2.019999999999999929e+01
2.058333333333333215e+01
2.094999999999999929e+01
2.130000000000000071e+01
2.171666666666666501e+01
2.211666666666666714e+01
2.246666666666666501e+01
2.280000000000000071e+01
2.310000000000000142e+01
2.344999999999999929e+01
2.378333333333333499e+01
2.423333333333333428e+01
2.458333333333333215e+01
2.488333333333333286e+01
2.525000000000000000e+01
2.555000000000000071e+01
2.588333333333333286e+01
2.621666666666666501e+01
2.663333333333333286e+01
2.698333333333333428e+01
2.730000000000000071e+01
2.756666666666666643e+01
2.793333333333333357e+01
2.826666666666666572e+01
2.864999999999999858e+01
2.905000000000000071e+01
2.948333333333333428e+01
2.980000000000000071e+01
3.010000000000000142e+01
3.039999999999999858e+01
3.075000000000000000e+01
3.106666666666666643e+01
3.143333333333333357e+01
3.175000000000000000e+01
3.213333333333333286e+01
3.245000000000000284e+01
3.281666666666666998e+01
3.310000000000000142e+01
3.350000000000000000e+01
3.383333333333333570e+01
3.425000000000000000e+01
3.461666666666666714e+01
3.496666666666666856e+01
3.539999999999999858e+01
3.591666666666666430e+01
3.628333333333333144e+01
3.664999999999999858e+01
3.706666666666666998e+01
3.743333333333333002e+01
3.776666666666666572e+01
3.810000000000000142e+01
3.853333333333333144e+01
3.889999999999999858e+01
3.926666666666666572e+01
3.960000000000000142e+01
3.993333333333333002e+01
4.026666666666666572e+01
4.081666666666666998e+01
4.120000000000000284e+01
4.154999999999999716e+01
4.201666666666666572e+01
4.238333333333333286e+01
4.271666666666666856e+01
4.311666666666666714e+01
4.348333333333333428e+01
4.381666666666666998e+01
4.416666666666666430e+01
4.451666666666666572e+01
4.496666666666666856e+01
4.533333333333333570e+01
4.575000000000000000e+01
4.613333333333333286e+01
4.650000000000000000e+01
4.685000000000000142e+01
4.711666666666666714e+01
4.743333333333333002e+01
4.776666666666666572e+01
4.806666666666666998e+01
4.839999999999999858e+01
4.878333333333333144e+01
4.910000000000000142e+01
4.951666666666666572e+01
4.996666666666666856e+01
5.028333333333333144e+01
5.061666666666666714e+01
5.098333333333333428e+01
5.136666666666666714e+01
5.175000000000000000e+01
5.210000000000000142e+01
5.243333333333333002e+01
5.283333333333333570e+01
5.325000000000000000e+01
5.361666666666666714e+01
