nan
nan
nan
nan
nan
4.825999999999999734e-01
3.578666666666666663e-01
3.719857142857143084e-01
3.081999999999999740e-01
3.207777777777777728e-01
3.010999999999999788e-01
2.756818181818181945e-01
2.266333333333333255e-01
2.064538461538461545e-01
2.112428571428571489e-01
2.111666666666666692e-01
2.011999999999999900e-01
1.962529411764705745e-01
2.039888888888888863e-01
1.980368421052631500e-01
2.058000000000000107e-01
1.951619047619047587e-01
1.953909090909090873e-01
2.164826086956521678e-01
2.394333333333333313e-01
2.275999999999999968e-01
2.444999999999999951e-01
1.974185185185185210e-01
1.997142857142857053e-01
1.959241379310344700e-01
1.647666666666666724e-01
1.753451612903225709e-01
1.635500000000000009e-01
1.268606060606060626e-01
1.479470588235294037e-01
1.407714285714285751e-01
1.349888888888888805e-01
1.130459459459459415e-01
1.164947368421052620e-01
1.172666666666666718e-01
1.116999999999999937e-01
1.013268292682926869e-01
1.027761904761904793e-01
1.036744186046511668e-01
1.132454545454545519e-01
9.631111111111111123e-02
9.069130434782608774e-02
9.356808510638298104e-02
9.326666666666666439e-02
1.061204081632653035e-01
1.035999999999999976e-01
1.238529411764705823e-01
1.170846153846153842e-01
1.302566037735849169e-01
1.477333333333333276e-01
1.278818181818181798e-01
1.232714285714285735e-01
1.238736842105263164e-01
1.222620689655172371e-01
1.193118644067796552e-01
1.190999999999999975e-01
1.162049180327868886e-01
1.252064516129032246e-01
1.373857142857142777e-01
1.710250000000000103e-01
1.702076923076923098e-01
1.689181818181818284e-01
1.686417910447761126e-01
1.573647058823529343e-01
1.652739130434782711e-01
1.451571428571428457e-01
1.548028169014084576e-01
1.443000000000000116e-01
1.565383561643835519e-01
1.410081081081080989e-01
1.448000000000000120e-01
1.401052631578947327e-01
1.386155844155844141e-01
1.226230769230769180e-01
1.445202531645569666e-01
1.277999999999999969e-01
1.263555555555555543e-01
1.334804878048780619e-01
1.434686746987951789e-01
1.378142857142857225e-01
1.403117647058823581e-01
1.335558139534883670e-01
1.209413793103448209e-01
1.207636363636363647e-01
1.168179775280898808e-01
1.089999999999999997e-01
1.121054945054945073e-01
1.074304347826086914e-01
1.018709677419354781e-01
9.722340425531915409e-02
9.588421052631579400e-02
1.000500000000000000e-01
9.711752577319587854e-02
8.918367346938775586e-02
9.034545454545454823e-02
8.799999999999999489e-02
7.984455445544554053e-02
8.687647058823529111e-02
8.747475728155339192e-02
8.079230769230769105e-02
8.592380952380952730e-02
8.082830188679245020e-02
8.189906542056074601e-02
9.218148148148147536e-02
9.193211009174312442e-02
8.805454545454545479e-02
9.485225225225225876e-02
8.262857142857142623e-02
9.258672566371681234e-02
9.352982456140350453e-02
1.026608695652173886e-01
1.042827586206896556e-01
9.119829059829059892e-02
9.201016949152542035e-02
1.020210084033613407e-01
1.108333333333333393e-01
1.084495867768595079e-01
1.130721311475409857e-01
1.093032520325203233e-01
1.117451612903225810e-01
1.238999999999999962e-01
1.241698412698412635e-01
9.605669291338582438e-02
nan
