3.468440506221782266e-02
4.596619211739266797e-02
8.411341184640833135e-02
2.216051561040251194e-01
-6.935495470907880600e-02
5.557202703826056300e-01
-1.433775892085975556e-01
-1.465277673898447153e-01
-2.513284072164310642e-02
8.171257512785587429e-02
2.148178756565417291e-01
1.315670822631204856e-02
6.804006421939221005e-02
1.261443245447958494e-01
1.417731585419210183e-01
-4.439883073976602645e-02
2.860351052795442883e-01
2.023085488112963126e-01
6.132243399840831694e-02
1.423869735594439634e-01
1.390817923257503808e-01
1.443233882716174199e-01
2.209824712394038160e-01
-3.068116437895355292e-02
1.551077225821814037e-02
-6.602798218990017787e-02
4.337602603743448415e-02
2.888668885167487432e-01
-1.810753824098287612e-01
8.447985667026614021e-02
-1.947306621409075067e-01
-1.661653170465160756e-01
2.033262481259612287e-01
-9.380759374370427339e-02
-1.112489775275787435e-01
-2.975890114040453255e-02
6.255672655452031161e-02
-4.226015040045012772e-02
2.438884764891042709e-02
-1.315421213880699769e-01
-1.950670903182174232e-01
6.239476247848608770e-01
1.564245635694908321e-01
-4.841683887795682206e-02
-4.720742920328348247e-02
8.101225527918359814e-02
4.008064108532835568e-02
2.855599693543501849e-01
3.268189843303321296e-01
8.678947702437654274e-03
1.014019185080044794e-01
1.207837321868549946e-01
1.770235907994583691e-01
2.301200160663938871e-02
2.110529813386460840e-01
2.582402981008977139e-01
2.534953759424524861e-02
6.468864142890197455e-02
-3.245259171230031880e-02
-6.041562534009017188e-02
-1.329908207037920065e-01
-1.469026436329727396e-02
8.566192057316585062e-02
-1.901498563535392317e-01
1.321224028366941583e-01
1.105005037166165438e-01
-4.801632194281865024e-02
1.963266768304413323e-01
2.154978259893255144e-01
5.793517633545320483e-02
-5.310748863292871769e-02
-6.119559287974652567e-02
2.134415060248466001e-01
3.387733183067666992e-02
-4.437765957225337649e-02
-1.419161728174344606e-01
-3.982433558993420802e-02
1.618632196229327636e-02
-1.748975312057313991e-01
8.391387122116839015e-02
1.103698746173017720e-01
9.698529408751938030e-02
1.244027075064189969e+00
-1.753988229578263280e-01
6.128986110022424660e-02
1.513135931759143071e-01
8.816795761286698452e-02
6.637301254968491770e-02
-1.822869370909063480e-01
2.771840251197511540e-01
7.666407761488358563e-02
1.427557767946228684e-01
1.449445203599333265e-01
7.361234118685189287e-02
7.920375346335504010e-03
1.809327841632216438e-01
1.210806923176829808e-01
2.221733383105015391e-01
2.040614437567819517e-01
1.010039445451707263e-01
1.103579038387283578e-01
-3.903894482162940244e-02
6.880102059764225952e-02
1.182687714932279671e-01
2.877350984313693447e-02
1.095458014260862062e-01
-1.682125711671005885e-01
1.185631691617015787e-01
2.764846717812099453e-01
2.636313228595279057e+00
5.535645195286576642e-02
-3.825217001121956201e-02
-5.348653236321353893e-02
-5.018130905040010109e-02
3.866406286204664838e-02
1.899971764905581117e-01
2.469001434377332896e-02
-5.659846460162611635e-03
1.237694366510044136e-01
-1.286199498779546924e-01
6.781604492810373863e-02
1.304772713972738446e-02
3.158268798466451477e-02
-1.395352962980496089e-02
5.106154310565983595e-02
5.301149459116629575e-02
2.233442411258101945e-01
-1.235368548773078667e-01
1.889977394300387803e-01
-1.955257600698814824e-02
-1.289131475458589167e-03
6.835903785263894306e-02
-2.186863930548156587e-02
-2.083675982633280965e-01
1.529339345432686181e-01
2.949892689808962173e-02
-1.260659395645427616e-01
-5.062695162173611041e-02
1.557188972026221918e-01
-1.474363923784130781e-01
1.203837560923852884e-01
3.439470223557489770e-01
1.273748149884221526e-01
-1.316375572314240072e-01
2.350313076438271809e-01
-1.438913006722674359e-01
