1.575096737938451799e-02
-5.094126294609509220e-02
4.510731015351723133e-02
5.336238721632753645e-02
2.293667911990155545e-02
1.139641815138020368e-02
-2.108237871084440995e-02
-2.042598286835357185e-02
-1.453248448646036160e-02
-5.778165971531734439e-03
8.842695595304803091e-03
-2.652969643603455500e-03
2.811057418933273974e-03
-1.037339700842096653e-02
1.695678588057774119e-02
2.708809804796601280e-03
-8.166878765626961814e-03
-3.288480086280060055e-02
2.924005928214228490e-03
8.446751175919189544e-03
5.352665007030736610e-03
-1.924857748017529948e-03
-8.413484575958135939e-03
-2.081854697926644251e-02
-1.486327205303041368e-02
4.199912303446922193e-03
-9.727558240423378119e-03
1.105038163271160508e-02
-3.368530126779376022e-02
-1.789140452672654744e-02
6.124526885606087524e-03
2.067957058839738071e-02
-3.034175349525355600e-02
-1.017714468564975133e-02
-1.117236355607872239e-02
6.406428203786163544e-04
1.453151768357770386e-02
4.173242212400850998e-02
3.683767410522591299e-03
-3.535361856200438385e-02
4.575908177260998473e-03
-8.254125680995809677e-01
-2.529738632811188298e-02
-2.207034563565002730e-02
-1.333633045192072987e-04
-1.905420514667980486e-02
-2.167923381774471484e-02
-5.335589221366717622e-02
1.127961898104104001e-02
5.389669006754615674e-03
1.332164327126861281e-02
-2.106714563276227553e-02
-1.492564888618517181e-02
-7.715682556679439273e-03
-1.647304666707384568e-02
-5.503227336612326846e-04
5.273608354606267035e-03
5.902239560668931517e-03
1.133011379275217310e-03
1.492581270658206380e-02
1.792870099147307952e-02
-1.290168147731776509e-02
-3.217026148106014866e-02
-7.899178500360903507e-03
-1.920214661716670296e-02
7.400476799551825371e-03
3.897858359763518160e-02
-3.538142782872909925e-02
3.692027769396986209e-02
1.427488032513735995e-02
-2.342604748399594594e-02
-6.100379302055785290e-03
1.385494040360526861e-02
1.469312012025625336e-02
1.453012881974302672e-02
-3.449842960087209920e-02
-2.215681200698043155e-02
-4.157701612905725930e-02
-1.043484698642305336e-01
3.736386108297778952e-02
-4.170732898799088019e-03
2.056410684670481603e-02
6.129443965354289814e-01
-4.092865404251767869e-02
-1.755189413270159121e-02
6.818191157138926359e-03
-2.130544052530694912e-02
-9.218718181422218272e-02
3.851289250119407318e-03
-4.825368261011135640e-02
-5.605420010934949841e-03
1.638305581767554109e-03
-3.102318911595943959e-02
-4.224537382460710061e-02
-8.119203889112896338e-03
-1.609257353586258585e-02
-2.013461182086302703e-02
-1.737265683279019812e-02
8.940582063773945196e-03
-7.894041396048123629e-04
8.382091601458797198e-03
-7.528064853776300636e-02
1.847042208131597371e-03
-6.308912175262549119e-03
-8.791164222914175583e-03
-1.979113752525677242e-02
2.087829879657874740e-02
1.551154060169892580e-02
-2.878811003387454423e-02
-4.051595365286413952e-01
-1.013024743021844615e-02
1.993362064823543320e-02
-9.721467125273193857e-03
-3.867065242358649207e-02
1.669011409878408056e-02
-5.716153572816438239e-03
4.789334065078492200e-03
5.230152616284271944e-02
3.321975653350591612e-02
-2.146441336872157921e-02
-5.401419382523726942e-02
1.715135306789079481e-02
2.984631533616948287e-02
-3.103803216555206870e-02
2.759864932520486071e-03
-1.322812133658999266e-02
-9.966376148169047225e-03
1.243638949603109722e-03
5.899623153330026126e-02
-2.428015216053154221e-02
5.293427476549936520e-03
3.036264654151523204e-02
-1.159084787541473857e-02
3.014803421134899797e-02
1.383511403185707506e-02
3.388477538055099155e-03
-1.985653526199598548e-02
4.185755436492058501e-02
-1.409677727013104211e-02
-1.120988045565582056e-02
-3.884875185247608359e-02
-2.344996245356582940e-03
1.802851640399239994e-02
-1.012046325521396249e-02
-8.699929837328000681e-03
-2.167904151037816987e-02
