1.091507004952102200e+01
4.631959503967735259e+00
1.546128237152628415e+01
3.881015794428046206e+01
1.481082761369023260e+01
6.293523232026477565e+00
1.103878747118459991e+01
1.312885931456259136e+01
9.733674104224423473e+00
6.135592864619476394e+00
7.461576245140465247e+00
1.954441937712696387e+01
3.466361157050516795e+01
3.481984690401228022e+01
3.456912869825461598e+01
2.189690952693317172e+01
1.393825392461124579e+01
1.843867725820969028e+01
1.185247581036087006e+01
1.944584146473194508e+01
3.334844912930083893e+01
3.984453478495880319e+01
5.449056476423162820e+00
5.409131576759715898e+00
1.892722464854279707e+01
3.365473216729524353e+01
1.056021932085281634e+01
4.753997881334144360e+00
1.611552860935216103e+01
3.065563988176329957e+01
1.190211767501119766e+01
2.065703900282496974e+01
6.112397482058607778e+00
2.809462478661942342e+01
3.340265123042263440e+01
3.299026507141483933e+01
1.062232435352838777e+01
7.506122554767586941e+00
8.001506423089324471e+00
4.211834583139273391e+00
5.566267171809123226e+00
3.149515079059088762e+01
3.148478447909777600e+01
5.763701223530532047e+00
5.081140882477562570e+00
1.410633617966309927e+00
5.624671601674026356e+00
3.700009547319417891e+00
1.778306377727196264e+01
6.742976703934611571e+00
1.068091888080220464e+01
6.005947494430330380e+00
2.003778131746214441e+01
2.585325134277722370e+01
3.396570935257638268e+01
6.162054024141670361e+00
2.245515768887031172e+01
2.755534976931339486e+01
2.401131032949422561e+01
3.333289298262641864e+01
7.002007288883208780e+00
9.181180480557964430e+00
1.876304015522047663e+01
3.518966613816073163e+01
3.662248114661080223e+01
7.584182075525012223e+00
5.261274235886831185e+00
1.532871371355055956e+01
3.327489085776576161e+01
7.415268879029344617e+00
5.264026936305270965e+00
9.547411754086091662e+00
1.345624827768673271e+01
3.348580408243046236e+01
1.884138485883432068e+01
5.512708223721475065e+00
6.777767169718835305e+00
1.781862021583493316e+01
2.316683703914709724e+01
2.382595087624991237e+01
3.929396205915114137e+01
2.844190677499923936e+01
1.145593104615807789e+01
6.094078918363286412e+00
2.369700695825448022e+01
2.526185186871251886e+01
1.749637142011760105e+01
3.422442701571338119e+01
1.708289452374276607e+01
4.892590988043910016e+00
7.022772463198828419e+00
2.266291834824756535e+01
1.129961481731401385e+01
3.631543499101540817e+01
3.646668750875542031e+01
5.337916422323844223e+00
6.771961608232919261e+00
8.308328205561117841e+00
