nan
nan
nan
nan
nan
3.018000000000000127e-01
2.245000000000000051e-01
2.387142857142857122e-01
2.205999999999999905e-01
1.701888888888888896e-01
1.829000000000000070e-01
1.562545454545454515e-01
1.786333333333333384e-01
1.939846153846153942e-01
1.409999999999999865e-01
1.473666666666666736e-01
1.643999999999999906e-01
1.713823529411764579e-01
1.662222222222222157e-01
1.627421052631578824e-01
1.693000000000000060e-01
1.768285714285714183e-01
1.675272727272727191e-01
1.870956521739130518e-01
1.753000000000000114e-01
3.183000000000000274e-01
2.731384615384615522e-01
2.754259259259259074e-01
2.441571428571428504e-01
2.141689655172413775e-01
1.979333333333333222e-01
1.856516129032257933e-01
1.961499999999999910e-01
1.884757575757575743e-01
1.720941176470588141e-01
1.484857142857142764e-01
1.215444444444444411e-01
1.336243243243243339e-01
1.358052631578947345e-01
1.468743589743589650e-01
1.439000000000000001e-01
1.325560975609756109e-01
1.234380952380952357e-01
1.341953488372092940e-01
1.069818181818181779e-01
1.065555555555555561e-01
1.628782608695652223e-01
1.616638297872340368e-01
1.469333333333333325e-01
1.468040816326530718e-01
1.658999999999999919e-01
1.650137254901960782e-01
1.597307692307692317e-01
1.569169811320754726e-01
1.697407407407407476e-01
1.591727272727272713e-01
1.645857142857142796e-01
1.642543859649122917e-01
1.474551724137931064e-01
1.377661016949152661e-01
1.299666666666666748e-01
1.265377049180327895e-01
1.406612903225806510e-01
1.280206349206349237e-01
1.277999999999999969e-01
1.362846153846153929e-01
1.629606060606060558e-01
1.566149253731343172e-01
1.578352941176470459e-01
1.548101449275362251e-01
1.753285714285714170e-01
1.712802816901408398e-01
1.707888888888888790e-01
1.663369863013698657e-01
1.577405405405405414e-01
1.537333333333333329e-01
1.704157894736842149e-01
1.826025974025974052e-01
1.814435897435897338e-01
2.065784810126582161e-01
1.950000000000000067e-01
2.019012345679012388e-01
2.125829268292682983e-01
2.220325301204819357e-01
2.283142857142857196e-01
2.182058823529411662e-01
2.178139534883720974e-01
2.208206896551724030e-01
2.106454545454545524e-01
2.204730337078651681e-01
1.988333333333333341e-01
2.069747252747252686e-01
1.974913043478260799e-01
1.981247311827956936e-01
2.076893617021276506e-01
2.326368421052631696e-01
2.467999999999999916e-01
2.394123711340206129e-01
2.436693877551020515e-01
2.392666666666666553e-01
2.431000000000000105e-01
2.307653465346534705e-01
2.304588235294117715e-01
2.292766990291262019e-01
2.284538461538461462e-01
2.228714285714285814e-01
2.254415094339622672e-01
2.119224299065420591e-01
2.111111111111111105e-01
2.162045871559633015e-01
2.154999999999999971e-01
2.119945945945946042e-01
2.081857142857142795e-01
2.082707964601769879e-01
2.055473684210526453e-01
1.922173913043478399e-01
2.002655172413793094e-01
2.017025641025640970e-01
1.971220338983050713e-01
1.849218487394957977e-01
1.938999999999999890e-01
1.927545454545454562e-01
1.883836065573770424e-01
1.945853658536585429e-01
1.915580645161290285e-01
1.829999999999999960e-01
1.992095238095238086e-01
1.901850393700787456e-01
1.881249999999999867e-01
1.804279069767441845e-01
1.844923076923077054e-01
1.873167938931297738e-01
1.738000000000000100e-01
1.762406015037593920e-01
1.788373134328358205e-01
1.887888888888888950e-01
1.843941176470588195e-01
1.745518248175182419e-01
1.741144927536232012e-01
1.732201438848920971e-01
1.702285714285714235e-01
1.840929078014184317e-01
1.954887323943662047e-01
1.906384615384615344e-01
2.200333333333333308e-01
nan
