-4.840587771359991867e-03
-5.810215092039925679e-03
-3.674827533478150846e-03
-7.849849652965873101e-03
-5.621479711769552558e-03
-4.868199531230743560e-03
-4.521900691941027617e-03
2.275461398073105185e-02
2.711520070159224513e-02
-6.551503505212963666e-03
-2.119459124953777807e-02
-2.120134722823763598e-02
-2.131044984897755568e-01
-5.323175623487373144e-03
5.622830962676630788e-03
-1.775997678475278035e-02
-5.449677341550227330e-03
-5.172255893159558200e-03
7.263574689358165241e-03
6.860653069752515806e-03
6.497491574144760584e-03
8.066658902854441371e-03
-1.870284649307677599e-02
3.600974280349816814e-02
-3.135741771878315220e-03
2.365513069834264404e-02
-6.263327450292308606e-03
6.122349687763630789e-03
-4.862789707348724906e-03
6.521451073334105439e-03
-5.911244308136360572e-03
2.824423331740604122e-03
3.452015392438846919e-01
7.131364350291278034e-03
-4.857206338388664509e-03
-4.612998855671434847e-03
3.474240843162761105e-02
2.101892440936183049e-02
7.008284107648136974e-03
-1.154548203571607694e-02
-8.647871237472485803e-03
2.169429699220813690e-02
4.446388640690202183e-03
7.026083117793859543e-03
6.555059688204778121e-03
-6.126125616546005716e-03
9.989731970907200082e-03
-5.095324391917870586e-03
5.932242292158776235e-03
-8.118947332022799501e-03
8.185871250692571682e-03
7.928496113999016978e-03
-3.092804927053691838e-02
-4.318598603068153456e-03
-1.888509163115031572e-02
5.545552109088589324e-03
6.078038292229166230e-03
9.489452049062947064e-03
2.009127638443146749e-02
6.176417591459881090e-02
-5.600497154910045149e-04
-5.704316466871545838e-03
-5.506690271189427534e-03
-2.660249859710006690e-03
-2.228686866619915552e-01
1.744789218367492345e-01
-8.091610342669924502e-03
-2.464712614610721220e-01
2.693998757137125999e-01
-5.781199450706822444e-03
-5.367489013967201988e-03
-5.220303109717292465e-03
6.657406255138198156e-03
2.028924305090527153e-02
-1.104547960049501350e-02
7.904722317377946283e-03
-5.913390372107869830e-03
-5.610622182240376440e-03
-1.943962957722249196e-02
-5.185814280803242166e-03
2.172919772905970714e-02
-5.224070409394698626e-03
9.214067344898354064e-03
1.004465091874521925e-02
-6.263282306257451915e-03
-2.243296470581583602e-02
-1.740759658004435717e-02
-3.806393466836652598e-03
7.252901783580227579e-03
-5.974572193447897500e-03
1.751960914764708749e-02
-1.676448173795392835e-02
-1.630154875167761502e-02
-1.198184263311497938e-01
9.644277692719355546e-03
-4.792745464836229569e-03
-1.662827034331087334e-02
-5.339861667828813517e-03
3.639928624512492328e-02
7.939445395064127081e-03
6.238518171609825497e-03
2.400524195442699151e-03
6.895775576102210029e-03
7.799763286557776995e-03
-1.995687093784852262e-02
-7.296317265619904624e-03
-5.062575842395631263e-03
9.383141424552831483e-03
-5.218515116073376564e-03
7.048250048237605578e-03
-9.004736350779012771e-03
-4.537308482243247384e-03
2.256358405947821513e-02
7.119773053970561774e-03
-1.061166190233450365e-02
-1.857213636109861579e-02
-3.182747803107816020e-02
-6.717541988543871377e-03
6.439839856267326294e-03
-1.800328553766689793e-02
-1.878737848275932251e-02
-6.020569402365936497e-03
2.802955596776996600e-02
-6.589852122012871370e-03
5.550176798033703771e-03
-1.173999165453096759e-02
6.377727272503079699e-03
-5.749078582917377042e-03
3.105753725382385394e-02
2.067345032316723202e-02
6.981604721685244312e-03
2.132650434177321697e-02
6.350292692345647395e-03
2.035201377247176577e-02
5.764608316669068630e-03
-5.563122007296215053e-03
