nan
nan
nan
nan
nan
4.324999999999999956e-01
3.353666666666666463e-01
2.492285714285714382e-01
3.106999999999999762e-01
2.430888888888888821e-01
2.106999999999999984e-01
2.342727272727272714e-01
1.828666666666666774e-01
1.912846153846153863e-01
2.354285714285714315e-01
2.441666666666666707e-01
2.807999999999999940e-01
2.422058823529411875e-01
2.004222222222222238e-01
1.849105263157894696e-01
2.079000000000000015e-01
1.749476190476190463e-01
1.561090909090909196e-01
1.348260869565217346e-01
1.328333333333333310e-01
1.396000000000000019e-01
1.535692307692307634e-01
1.584592592592592719e-01
1.831142857142857017e-01
1.922448275862068956e-01
1.973333333333333328e-01
2.042387096774193611e-01
2.174000000000000099e-01
2.460393939393939466e-01
2.523647058823529354e-01
2.711714285714285633e-01
2.748444444444444468e-01
2.788594594594594467e-01
2.922842105263158130e-01
3.123794871794871586e-01
3.119000000000000106e-01
3.145951219512195252e-01
3.291095238095237963e-01
3.484837209302325545e-01
3.438545454545454683e-01
3.489555555555555744e-01
3.664173913043478059e-01
3.666680851063829905e-01
3.720333333333333270e-01
3.760367346938775501e-01
3.756999999999999784e-01
3.716431372549019452e-01
3.741846153846153933e-01
nan
