7.500000000000000000e+00
9.383333333333332860e+00
1.383333333333333393e+01
1.881666666666666643e+01
2.533333333333333215e+01
2.896666666666666501e+01
3.356666666666666998e+01
4.318333333333333002e+01
4.879999999999999716e+01
5.279999999999999716e+01
5.670000000000000284e+01
6.851666666666666572e+01
7.815000000000000568e+01
8.645000000000000284e+01
8.871666666666666856e+01
9.116666666666667140e+01
9.673333333333333428e+01
1.004500000000000028e+02
1.065499999999999972e+02
1.131166666666666600e+02
1.169166666666666714e+02
1.209166666666666714e+02
1.246833333333333371e+02
1.610500000000000114e+02
1.645666666666666629e+02
1.693000000000000114e+02
1.851500000000000057e+02
1.967833333333333314e+02
2.015000000000000000e+02
2.189000000000000057e+02
2.245000000000000000e+02
2.340999999999999943e+02
2.392833333333333314e+02
2.471999999999999886e+02
2.482666666666666799e+02
2.548666666666666742e+02
2.581499999999999773e+02
2.728500000000000227e+02
2.790666666666666629e+02
2.811999999999999886e+02
2.965666666666666629e+02
3.054666666666666401e+02
3.128166666666666629e+02
3.173166666666666629e+02
3.313666666666666742e+02
3.358666666666666742e+02
3.481999999999999886e+02
3.572833333333333599e+02
3.606000000000000227e+02
3.656000000000000227e+02
3.811333333333333258e+02
3.871833333333333371e+02
3.890500000000000114e+02
3.941499999999999773e+02
4.043999999999999773e+02
4.098999999999999773e+02
4.121000000000000227e+02
4.158500000000000227e+02
4.228500000000000227e+02
4.276499999999999773e+02
4.340666666666666629e+02
4.403333333333333144e+02
4.489166666666666856e+02
4.553333333333333144e+02
4.630833333333333144e+02
4.751666666666666856e+02
4.803999999999999773e+02
4.862833333333333599e+02
4.919166666666666856e+02
4.989666666666666401e+02
5.030000000000000000e+02
5.099333333333333371e+02
5.136833333333332803e+02
5.186833333333332803e+02
5.249166666666666288e+02
5.316333333333333258e+02
5.344666666666666970e+02
5.447833333333333030e+02
5.468166666666667197e+02
5.528166666666667197e+02
5.562666666666666515e+02
5.672500000000000000e+02
5.753666666666666742e+02
5.773833333333333258e+02
5.802999999999999545e+02
5.919166666666666288e+02
5.978333333333333712e+02
5.998999999999999773e+02
6.042999999999999545e+02
6.135499999999999545e+02
6.189333333333332803e+02
6.271333333333333258e+02
6.318500000000000227e+02
6.377333333333333485e+02
6.452333333333333485e+02
6.467666666666666515e+02
6.560499999999999545e+02
6.613833333333333258e+02
6.638666666666666742e+02
6.693500000000000227e+02
6.762166666666666970e+02
6.808999999999999773e+02
6.894166666666666288e+02
6.935333333333333030e+02
6.976833333333332803e+02
6.997500000000000000e+02
7.083500000000000227e+02
7.123833333333333258e+02
7.216499999999999773e+02
7.307666666666666515e+02
7.335833333333333712e+02
7.418833333333333258e+02
7.495666666666667197e+02
7.556833333333332803e+02
7.622500000000000000e+02
7.667000000000000455e+02
7.774500000000000455e+02
7.825000000000000000e+02
7.851666666666666288e+02
7.963500000000000227e+02
7.990666666666667197e+02
8.047166666666666970e+02
8.102000000000000455e+02
8.170833333333333712e+02
8.214666666666666970e+02
8.255499999999999545e+02
8.332999999999999545e+02
8.389333333333332803e+02
8.428999999999999773e+02
8.497166666666666970e+02
8.582000000000000455e+02
8.615833333333333712e+02
8.680499999999999545e+02
8.712500000000000000e+02
8.787500000000000000e+02
8.811666666666666288e+02
9.307833333333333030e+02
9.326833333333332803e+02
9.425666666666667197e+02
9.453999999999999773e+02
9.502999999999999545e+02
9.555666666666667197e+02
9.595166666666666515e+02
9.665166666666666515e+02
9.716666666666666288e+02
9.743666666666666742e+02
9.802166666666666970e+02
9.877000000000000455e+02
9.890166666666666515e+02
9.935666666666667197e+02
9.982999999999999545e+02
1.002616666666666674e+03
1.007433333333333280e+03
1.017333333333333371e+03
1.021399999999999977e+03
1.025166666666666742e+03
