3.666666666666666408e-01
8.833333333333333037e-01
1.449999999999999956e+00
1.816666666666666652e+00
2.516666666666666607e+00
2.799999999999999822e+00
3.133333333333333304e+00
3.483333333333333393e+00
4.000000000000000000e+00
4.650000000000000355e+00
4.950000000000000178e+00
5.516666666666666607e+00
6.049999999999999822e+00
6.483333333333333393e+00
7.066666666666666430e+00
7.583333333333333037e+00
8.050000000000000711e+00
8.316666666666666430e+00
8.683333333333333570e+00
8.983333333333332504e+00
9.366666666666667140e+00
9.866666666666667140e+00
1.043333333333333357e+01
1.121666666666666679e+01
1.196666666666666679e+01
1.251666666666666750e+01
1.280000000000000071e+01
1.358333333333333393e+01
1.396666666666666679e+01
1.440000000000000036e+01
1.478333333333333321e+01
1.494999999999999929e+01
1.511666666666666714e+01
1.536666666666666714e+01
1.593333333333333357e+01
1.639999999999999858e+01
1.681666666666666643e+01
1.728333333333333499e+01
1.773333333333333428e+01
1.826666666666666572e+01
1.858333333333333215e+01
1.918333333333333357e+01
1.956666666666666643e+01
2.000000000000000000e+01
2.028333333333333499e+01
2.043333333333333357e+01
2.081666666666666643e+01
2.136666666666666714e+01
2.181666666666666643e+01
2.226666666666666572e+01
2.276666666666666572e+01
2.283333333333333215e+01
2.338333333333333286e+01
2.383333333333333215e+01
