2.166666666666666741e-01
5.000000000000000000e-01
8.666666666666666963e-01
1.283333333333333437e+00
1.649999999999999911e+00
2.033333333333333215e+00
2.483333333333333393e+00
2.799999999999999822e+00
3.233333333333333393e+00
3.750000000000000000e+00
4.099999999999999645e+00
4.450000000000000178e+00
4.916666666666666963e+00
5.266666666666666607e+00
5.650000000000000355e+00
6.099999999999999645e+00
6.466666666666666785e+00
6.833333333333333037e+00
7.383333333333333748e+00
7.883333333333333748e+00
8.250000000000000000e+00
8.699999999999999289e+00
9.116666666666667140e+00
9.583333333333333925e+00
9.966666666666666785e+00
1.050000000000000000e+01
1.088333333333333286e+01
1.131666666666666643e+01
1.176666666666666750e+01
1.219999999999999929e+01
1.258333333333333393e+01
1.280000000000000071e+01
1.316666666666666607e+01
1.359999999999999964e+01
1.393333333333333357e+01
1.430000000000000071e+01
1.475000000000000000e+01
1.515000000000000036e+01
1.546666666666666679e+01
1.591666666666666607e+01
1.631666666666666643e+01
1.678333333333333499e+01
1.718333333333333357e+01
1.763333333333333286e+01
1.800000000000000000e+01
1.838333333333333286e+01
1.876666666666666572e+01
1.918333333333333357e+01
1.964999999999999858e+01
2.016666666666666785e+01
2.056666666666666643e+01
2.098333333333333428e+01
2.133333333333333215e+01
2.175000000000000000e+01
2.226666666666666572e+01
2.281666666666666643e+01
2.321666666666666501e+01
2.375000000000000000e+01
2.410000000000000142e+01
2.455000000000000071e+01
2.493333333333333357e+01
2.535000000000000142e+01
2.571666666666666501e+01
2.610000000000000142e+01
2.655000000000000071e+01
2.691666666666666785e+01
2.738333333333333286e+01
2.783333333333333215e+01
2.819999999999999929e+01
2.871666666666666501e+01
2.906666666666666643e+01
2.948333333333333428e+01
2.986666666666666714e+01
3.041666666666666785e+01
3.086666666666666714e+01
3.126666666666666572e+01
3.169999999999999929e+01
3.210000000000000142e+01
3.250000000000000000e+01
3.289999999999999858e+01
3.323333333333333428e+01
3.373333333333333428e+01
3.421666666666666856e+01
3.456666666666666998e+01
3.504999999999999716e+01
3.536666666666666714e+01
3.578333333333333144e+01
3.626666666666666572e+01
3.670000000000000284e+01
3.711666666666666714e+01
3.754999999999999716e+01
3.801666666666666572e+01
3.853333333333333144e+01
3.895000000000000284e+01
3.911666666666666714e+01
3.946666666666666856e+01
3.989999999999999858e+01
4.028333333333333144e+01
4.070000000000000284e+01
4.108333333333333570e+01
4.151666666666666572e+01
4.191666666666666430e+01
4.233333333333333570e+01
4.276666666666666572e+01
4.306666666666666998e+01
4.351666666666666572e+01
4.393333333333333002e+01
4.431666666666666998e+01
4.463333333333333286e+01
4.489999999999999858e+01
4.535000000000000142e+01
4.578333333333333144e+01
4.621666666666666856e+01
4.643333333333333002e+01
4.683333333333333570e+01
4.728333333333333144e+01
4.753333333333333144e+01
4.791666666666666430e+01
4.835000000000000142e+01
4.885000000000000142e+01
4.929999999999999716e+01
4.975000000000000000e+01
5.013333333333333286e+01
5.058333333333333570e+01
5.089999999999999858e+01
5.125000000000000000e+01
5.160000000000000142e+01
5.195000000000000284e+01
5.235000000000000142e+01
5.281666666666666998e+01
5.331666666666666998e+01
5.378333333333333144e+01
5.423333333333333428e+01
5.461666666666666714e+01
5.503333333333333144e+01
5.551666666666666572e+01
5.589999999999999858e+01
5.629999999999999716e+01
5.676666666666666572e+01
5.710000000000000142e+01
5.751666666666666572e+01
5.783333333333333570e+01
