5.552174818100949238e+01
5.639953204334789660e+01
5.530974536172235645e+01
5.609128833294749938e+01
5.541581035833710445e+01
5.574453010564887734e+01
5.593811596539977415e+01
5.556601312762207101e+01
5.552894239409857136e+01
5.580026974950023799e+01
5.616267637754469888e+01
5.507457463244373486e+01
5.631935948785392299e+01
5.552540241518349262e+01
5.567420864804797986e+01
5.574631617480879697e+01
5.518330369791026158e+01
5.523055644918412810e+01
5.640247813623894046e+01
5.566762235805397552e+01
5.629501695804751193e+01
5.676882444678602724e+01
5.560023963022664617e+01
5.632400885675839675e+01
5.556437480644967053e+01
5.529935674834777615e+01
5.665626042596551315e+01
5.526204433492474521e+01
5.587268398463643848e+01
5.584697366688430975e+01
5.616941681550186871e+01
5.527058936234522690e+01
5.639806309801252837e+01
5.532959821000989109e+01
5.594493051762660230e+01
5.507431809990379179e+01
5.953239168492998346e+01
5.504801505464749312e+01
5.508283209805757963e+01
5.626420388826292651e+01
5.632193924702507104e+01
5.628776550730320594e+01
5.577892545000177904e+01
5.831219225357497749e+01
5.587256391988861992e+01
5.592012896921737308e+01
5.595601067788876293e+01
5.712942123227627889e+01
5.523280831400135327e+01
5.519580089158338154e+01
5.597042501738280151e+01
5.609098275241296960e+01
5.573995648454051377e+01
5.625584815149124296e+01
5.594915103867337081e+01
5.616442282801868657e+01
5.747195998540799877e+01
5.555790115062484347e+01
5.635701689595723707e+01
5.538476869282352766e+01
5.597260656255610911e+01
5.604686575272840088e+01
5.637601499171684338e+01
5.514614917205189926e+01
5.667514486401277907e+01
5.522321878521359650e+01
6.979330608849016926e+01
5.550105522631213262e+01
5.675932285654172205e+01
5.638073969721087053e+01
5.573984430318722616e+01
5.534940728602124693e+01
5.565986904218696196e+01
5.588551382673040990e+01
5.637156277143215988e+01
5.640697583674126037e+01
5.575922960960205188e+01
5.511007113669722912e+01
5.664880285938483695e+01
5.623700332474061270e+01
5.649624346725695290e+01
5.558611763804726991e+01
5.513775078535725527e+01
5.523293514083355404e+01
5.544849377025308712e+01
5.579978381612977500e+01
5.668033242048797149e+01
5.588824850267282329e+01
5.554111649102113546e+01
5.616035676108698027e+01
5.619699600542404738e+01
5.613062764855345677e+01
5.521046856125737889e+01
5.612337131624372688e+01
5.757959239991934197e+01
5.635316802066000719e+01
5.796404407930065616e+01
6.090482895198226743e+01
5.632718300244990672e+01
5.589805282937314246e+01
5.656933342793201547e+01
5.598247060731933544e+01
5.786357441508570076e+01
5.577012821293516964e+01
5.591905847139567243e+01
5.560034423391076075e+01
5.598445723766796789e+01
5.623399375346633633e+01
5.576527338416148183e+01
5.619809273711241104e+01
