3.833333333333333592e-01
7.666666666666667185e-01
1.283333333333333437e+00
2.366666666666666696e+00
2.950000000000000178e+00
3.466666666666666785e+00
3.799999999999999822e+00
4.150000000000000355e+00
4.483333333333333393e+00
4.950000000000000178e+00
5.349999999999999645e+00
5.816666666666666430e+00
6.066666666666666430e+00
6.516666666666666607e+00
6.783333333333333215e+00
7.299999999999999822e+00
7.916666666666666963e+00
8.133333333333332860e+00
8.699999999999999289e+00
9.066666666666666430e+00
9.566666666666666430e+00
1.048333333333333250e+01
1.080000000000000071e+01
1.113333333333333286e+01
1.156666666666666643e+01
1.183333333333333393e+01
1.208333333333333393e+01
1.233333333333333393e+01
1.284999999999999964e+01
1.328333333333333321e+01
1.356666666666666643e+01
1.394999999999999929e+01
1.456666666666666643e+01
1.488333333333333286e+01
1.540000000000000036e+01
1.590000000000000036e+01
1.613333333333333286e+01
1.633333333333333215e+01
1.658333333333333215e+01
1.746666666666666501e+01
1.866666666666666785e+01
1.948333333333333428e+01
1.978333333333333499e+01
2.013333333333333286e+01
2.053333333333333499e+01
2.114999999999999858e+01
2.138333333333333286e+01
2.189999999999999858e+01
2.218333333333333357e+01
2.311666666666666714e+01
2.353333333333333499e+01
2.385000000000000142e+01
2.411666666666666714e+01
2.469999999999999929e+01
2.508333333333333215e+01
2.558333333333333215e+01
2.591666666666666785e+01
2.638333333333333286e+01
2.673333333333333428e+01
2.718333333333333357e+01
2.761666666666666714e+01
2.798333333333333428e+01
2.843333333333333357e+01
2.869999999999999929e+01
2.896666666666666501e+01
2.923333333333333428e+01
3.013333333333333286e+01
3.089999999999999858e+01
3.148333333333333428e+01
3.183333333333333215e+01
3.308333333333333570e+01
3.348333333333333428e+01
3.400000000000000000e+01
3.435000000000000142e+01
3.488333333333333286e+01
3.520000000000000284e+01
