2.159411679383326899e+01
1.061475123424252764e+01
8.725399780054859278e+00
1.707865292260981604e+01
3.182830251292829971e+01
1.411407116282152430e+01
9.551721334488860293e+00
5.080902628703908519e+00
2.736162252086653979e+01
1.753159847546238836e+01
2.110301021500239926e+01
2.162703504002513100e+01
2.052947881120836726e+01
2.939179022142932851e+01
1.073075462427703997e+01
2.431693250379148807e+01
3.288360595407326059e+01
2.448719096634480863e+01
1.952644852232807438e+01
3.839608159925079978e+00
1.732201616356422136e+01
1.105929518553064561e+01
2.212845704503903121e+01
1.805530157109526002e+01
3.093813126458948659e+01
3.651849101548958032e+01
3.649303994815005581e+01
3.429495761367312667e+01
2.678366060604135512e+01
1.268758070081675449e+01
2.641682938975885264e+01
3.208006580763043303e+01
3.289865460404315911e+01
1.603665315597795527e+01
7.473491738329353318e+00
3.026859622994696863e+01
3.608137025941666565e+01
2.994462932237298247e+01
2.786102388714256506e+01
1.259383928268947983e+01
8.944214375450156851e+00
2.056097337837789851e+01
2.663614611310088165e+01
2.361618020869509138e+01
3.052747393372100149e+01
2.975333166851370947e+01
3.606173732334836757e+01
1.281616314248930344e+01
1.007824398663999155e+01
3.167586473936757940e+01
2.903249042795776091e+01
3.668986498901325888e+01
9.762197693097348861e+00
8.511420569300454986e+00
1.061186347429351962e+01
1.643639074607272477e+01
1.171234028115150849e+01
7.397636350870419264e+00
2.816170669900520096e+01
1.440572359237075517e+01
1.434639344534370053e+01
2.600213151527721678e+01
3.878538990544044651e+01
2.684770432377146676e+01
2.499640009182189715e+01
1.909369807503693295e+01
1.617743029945338762e+01
1.706745061988747381e+01
6.230118805292637063e+00
1.928917809242040704e+01
6.932629695927706059e+00
1.499769562532465272e+01
2.892500803577820534e+01
8.100584655626278163e+00
3.364716345103579442e+01
3.696945125616944949e+01
