5.502826568741251378e+01
5.559372438563374175e+01
5.546679858984281708e+01
5.692138426193714196e+01
5.567921106954252508e+01
5.508450403861704103e+01
5.505169776926484104e+01
5.546082773233857921e+01
5.554224044857808451e+01
5.537856571625084712e+01
5.647558968546029234e+01
5.521431407268043046e+01
5.509608081395331425e+01
5.543283057298064165e+01
5.500703124735576210e+01
5.553942032731035994e+01
5.557613770173480106e+01
5.567381107411581098e+01
5.534178344233607305e+01
5.572846739181883891e+01
5.555113501282212951e+01
5.546770650530451263e+01
5.539803733842337863e+01
5.580758067412386225e+01
5.500867526009778885e+01
5.509852195861073909e+01
5.574413919310041621e+01
5.514772489599899075e+01
5.573132063362505306e+01
5.557959995737758163e+01
5.554799316459329361e+01
5.546137532400336312e+01
5.569225789973371121e+01
5.510367313313285109e+01
5.504364232635975895e+01
5.500344013798102338e+01
5.560313161319498221e+01
5.516520131413398076e+01
5.580622109558801469e+01
5.533572030317765211e+01
5.512503494965726958e+01
5.560817533027277904e+01
5.506561576979698458e+01
5.527119434216565708e+01
5.547331467820272621e+01
5.548200601286173850e+01
5.528040161341235859e+01
5.530981489159427156e+01
5.579365235952363378e+01
5.520623348533222696e+01
5.541436534858446095e+01
5.505160020591577563e+01
5.520843467212353062e+01
5.540895576154399294e+01
5.506670244723574825e+01
5.538226493290010666e+01
5.529878088326152863e+01
5.601276256988776936e+01
5.530640985839686863e+01
5.619522162811335164e+01
5.553972958766288315e+01
5.561205791741842575e+01
5.503387699186649229e+01
5.565722401172585165e+01
5.659436983467860927e+01
5.525954233075206901e+01
5.537706540682327727e+01
5.559744746888276268e+01
5.547599707530001467e+01
5.527530930549742294e+01
5.514630469100589494e+01
5.571541781016604489e+01
5.564452675942212778e+01
5.504569930645892128e+01
5.514854331465095072e+01
5.535781067664481725e+01
5.516337496327567891e+01
5.526498924720893768e+01
5.566781879436577896e+01
5.525309055271172554e+01
5.519743538427196938e+01
5.714805616120089127e+01
5.500402519806544888e+01
5.536272038936500905e+01
5.546852162155096266e+01
5.586653707151972270e+01
5.556224096188086747e+01
5.520230870524077460e+01
5.575481341458657170e+01
5.572819226686070238e+01
5.573253469031836715e+01
5.518937743130214102e+01
5.557111136037683963e+01
5.537147380838018762e+01
5.514980441367473674e+01
5.520872564405399885e+01
5.522714973617218703e+01
5.524944048560094956e+01
