6.625658717423561772e-02
8.530418725162804139e-02
1.776963327556921879e-01
5.938519185769368658e-01
3.397945031082713618e-02
2.627424651443789269e-02
-8.106150660048570822e-03
6.705274281344031362e-02
2.868123149361758717e-01
5.732412136220887272e-02
-1.712048928046749630e-01
1.673856089448008677e-02
-1.951711734865057071e-02
3.367433103182861792e-02
1.488039526892208711e-02
2.344632547954006473e-04
4.648582179430377215e-02
6.288141176918543573e-02
4.221657329312165224e-02
1.736284455953591432e-01
-1.631482695063311839e-01
4.528145415197059459e-02
3.206782916877500694e-02
1.854947063709320720e-01
-9.214998518167248631e-02
1.135408991303052118e-01
7.397222125372593382e-02
-1.796571072710776221e-02
2.236425393006504780e-01
4.477806541964014092e-02
-9.131913945070437022e-02
4.052316371151618718e-02
2.196073584154839831e-01
1.041987587610356120e-01
-9.639385202088873728e-02
6.578485452903465314e-02
1.726017087687716778e-01
1.729501392095974532e-01
-1.553428779267335309e-02
-4.108486595636236249e-02
1.169784509534912281e-01
5.747381152923480493e-03
6.315223063251494684e-02
8.229969860692051831e-02
1.149865125435974300e-01
-2.468688449856358547e-02
9.703414813726339572e-02
-2.619094721716692248e-02
-3.582922175836529555e-02
5.825535079996939369e-02
1.348192546470829700e-01
9.368515766962218216e-02
1.944766454388889010e-01
1.219653095088744921e-01
9.918568203128870497e-02
3.612122626844768702e-01
1.752887200254360789e-01
7.328621388189958397e-02
2.508009486030004826e-04
-8.168777289170520151e-02
-8.597826250316757679e-02
-1.853551985630497168e-01
1.720235546477692778e-01
8.660311687319904861e-02
4.867239384764730260e-03
-2.049318739119143987e-02
1.289647446454455226e-01
-1.152757177955038570e-01
6.610171693828988115e-02
3.079095418261544939e-02
7.082741060831949931e-02
7.503236448485324506e-02
1.370625167022183066e-01
-2.296084666448064138e-01
6.009940871207390678e-02
-9.472491182215321548e-02
-1.887484135312951228e-01
2.735223148683530933e-02
-3.108568228106832823e-02
3.060324357821798680e-01
6.824274314248440776e-02
-9.989307156174617730e-03
3.264392946558473257e-02
-6.902568999590130705e-02
-3.976134597407281202e-02
5.972347891718584462e-02
-2.063837506336085523e-02
-8.302812805275153196e-02
-1.784693604284257051e-02
1.215337074043236487e-01
2.114599353076721533e-01
1.071948110466428294e-01
-2.192062463551258111e-01
-9.522024798711982430e-02
-1.480423300596680758e-01
-9.725619993909162542e-02
6.760530890672442061e-02
-1.795133673837665256e-01
4.605374338224123981e-02
-8.030152098687380613e-02
-9.489190520215401436e-02
4.062282225912440536e-02
-8.168457831937019076e-02
2.106349969144673540e-01
1.463242406286303643e-01
1.561321268018801334e+00
-9.252855879215303447e-02
2.824947035163938858e-01
-2.724328782560405532e-02
6.377904396604219261e-01
1.337988968425891378e-01
5.707622396258102415e-02
7.995269843653489417e-02
1.282081148124566417e+00
1.687773651999850688e-01
5.587901888590522670e-02
-1.696446412627210590e-02
1.585468999731233508e-02
-3.557652763134114965e-02
1.711497340183419091e-01
9.616704803453558770e-02
-1.790126717854832392e-02
4.516690161048927954e-02
-2.880441567444904510e-03
6.329775013488642132e-02
6.740570696812653306e-02
4.670091337344445259e-02
1.108847248327580748e-01
-2.045066209464039327e-03
-2.661257304232321833e-02
9.925667954572191254e-02
1.237418036801943844e-01
-1.511653437582026471e-02
1.120778541022048047e-01
2.428355057240781933e-01
9.709942377555989823e-02
4.492388769758349359e-02
8.654485318290880413e-02
1.030862091070969266e-01
1.033333251368821898e-01
-2.830540870265963252e-02
-4.008687571558880447e-02
4.022253913346276327e-02
7.167417406507638200e-02
-7.397485404179747481e-02
8.063775109534333796e-02
1.706179570393942524e-02
1.064067110715552628e-01
-5.532191070928803300e-02
