-4.553627022532994673e+00
-2.929599714705554803e+00
-1.513642354487739539e+01
-3.111704144764383173e+00
-1.021952813710209540e+01
-2.808884169002705988e+00
-9.409270031497776188e+00
-3.058443518765635361e+00
-1.540095704924570796e+01
-4.220879872411400058e+00
-2.638595905865319224e+00
-7.862066157959826995e+00
-1.541343506480913206e+01
-3.178828763569308435e+00
-2.970119921741726898e+00
-3.024177459962928083e+00
-7.655710387063425770e+00
-8.322036823105598558e+00
-3.098910815631095161e+00
-1.245528366575610235e+01
-3.091169926141340341e+00
-1.759284642266777254e+01
-3.074038608585619059e+00
-3.098196542369318962e+00
-3.042142531242310710e+00
-5.904603863962041288e+00
-1.532192859058820389e+01
-4.853308193298152773e+00
-1.572707010323047783e+01
-2.960899803177850842e+00
-1.658166497002897444e+01
-3.106510591787987607e+00
-3.254540661837632243e+00
-4.780740122842907169e+00
-2.369353847436794780e+00
-8.195542927523039367e+00
-1.655609083464005238e+01
-2.565849738851930795e+00
-3.082867759702494936e+00
-1.542112906617024493e+01
-2.906200672352326819e+00
-6.984099129406999396e+00
-1.200278399283538633e+01
-3.051238754848030865e+00
-2.748701745202819069e+00
-2.837871646663181480e+00
-3.220295243257009332e+00
-1.023734930662226716e+01
-1.592052103533026397e+01
-5.589481916843858755e+00
-9.994192906037813628e+00
-1.007754437432205208e+01
-1.416085060137006835e+01
-1.287321010849317915e+01
-2.333895704335580135e+00
-7.489348923150586756e+00
-4.829873722117275392e+00
-6.159050495021674010e+00
-1.795104870426609267e+01
-2.005602266131524303e+01
-7.750993401616550926e+00
-1.370216621977604987e+01
-6.748248667308381243e+00
-9.159233089794408755e+00
-1.655753984315472493e+01
-2.059503373750156641e+01
-1.028221273174185058e+01
-1.117042941656962185e+01
-5.348142174176746977e+00
-3.521711468240923182e+00
-3.431274882369306667e+00
-1.720589893304935458e+01
-1.079212395417361492e+01
-2.919406438067767340e+00
-1.267087417000011840e+01
-3.777956057671776335e+00
-3.995870176347922964e+00
-9.071702137582537517e+00
-8.425117437580130542e+00
-4.051306576718097574e+00
-7.745701087751402980e+00
-8.511486533650973740e+00
-5.532767186498190881e+00
-5.746413286276768062e+00
-4.584890701559706017e+00
-2.043971513860222800e+01
-1.492423886091628304e+01
-4.532134451549236331e+00
-1.842789778369908404e+01
-1.987700114797118900e+01
-3.164672080154732114e+00
-4.559342850462275720e+00
-1.067128920974298367e+01
-3.528283021024453348e+00
-8.104689347603951433e+00
-4.169392115916231489e+00
-5.963901488613823076e+00
-1.698541902052447483e+01
-1.846649401558264003e+01
-4.873255212737973352e+00
-6.992258762848040377e+00
-4.630841851642610862e+00
-6.066296406654640094e+00
-6.361773141856380320e+00
-4.014414107450367197e+00
-7.337418237238360064e+00
-1.745001142365664393e+01
-5.044122276129559879e+00
-1.473370697293106701e+01
-1.102157395007327167e+01
-8.705417469107697315e+00
-3.634161379137401227e+00
-2.278969273495344439e+01
-1.387928058738692627e+01
-1.908681627890852184e+01
-1.777347052326289401e+01
-1.289147555150238489e+01
-1.203268025405860442e+01
-2.038712250851152419e+01
-1.141961919653784108e+01
-8.607216325472531793e+00
-1.692584055744556437e+01
-9.388649782862600546e+00
-4.317088157908633761e+00
-1.290191145970144859e+01
-4.756415342618780073e+00
-9.629829550022979134e+00
-4.094279659865406984e+00
-5.280017139049368424e+00
-3.515053464533725247e+00
-5.818714472326531606e+00
-1.117121516864856900e+01
-9.659424641227069230e+00
-1.093768183463291521e+01
-5.013645665204458979e+00
-1.142986251666052055e+01
-3.331375868666015094e+00
-1.396368568256532328e+01
-4.874037225469999512e+00
-5.493373886002490991e+00
-1.993772147734839351e+01
-1.790498103262573792e+01
-5.952652557808887579e+00
-6.234225454601407534e+00
-1.604155441824057249e+01
-1.153097715998332262e+01
-2.029963161582133324e+01
-1.108523702552178847e+01
