-1.749920549623229249e+01
-2.115478920001372387e+00
-2.751650562587650839e+00
-3.645618444746618891e+00
-3.846742830294243021e+00
-1.078620350302360364e+01
-4.020149866783970793e+00
-1.035605221415335819e+01
-2.867851520132399301e+00
-1.269338741097649503e+01
-7.888688612485932339e+00
-2.709757136361908181e+00
-3.909372036168271336e+00
-4.039878567742986704e+00
-4.608269394392459972e+00
-3.966564068193932258e+00
-4.547878726221705747e+00
-3.662102152662273014e+00
-1.160888765794517141e+01
-1.589401186570421487e+01
-1.639682392599848271e+01
-1.679630823172641385e+01
-1.879109682938683079e+00
-3.448640733103701450e+00
-1.252958042371434644e+01
-2.346969708278120237e+00
-1.301616246500219987e+01
-6.132607591787795798e+00
-8.876933698109535698e+00
-5.869252616324002858e+00
-1.818203266993924316e+00
-1.672457745179903199e+00
-1.148367349565884510e+01
-1.726420727006088285e+00
-1.638400095663821077e+01
-1.606893389771644465e+01
-3.419334732107031982e+00
-4.544326922412404102e+00
-7.574160131000962082e+00
-9.282487091582304117e+00
-1.695533925740335235e+00
-1.205352419050522528e+01
-1.479714966364669237e+01
-1.742345426762703653e+00
-5.964434834941052088e+00
-2.625423345549959819e+00
-7.335196649801423163e+00
-9.686342114767189315e+00
-1.826482055488865441e+00
-1.979743586075248274e+01
-2.991954722929243360e+00
-6.782420524020135844e+00
-3.919816916420256092e+00
-1.228517000649910074e+01
-2.142188975264932083e+01
-1.445508918070028415e+01
-8.323323451350454150e+00
-1.961323863553688440e+01
-3.252999486238595139e+00
-2.517081590728324159e+00
-1.924731541830193393e+01
-7.389717500986741072e+00
-6.200487761639255524e+00
-1.723393864540287979e+00
-9.780338204429966709e+00
-4.820436913735569817e+00
-1.547690812698928653e+01
-1.174630072873878106e+01
-7.319056501962869277e+00
-7.110167602656064290e+00
-1.686060180722410706e+00
-8.596318900996614332e+00
-1.071119768062473199e+01
-1.295784465878774583e+01
-4.742644380268668414e+00
-2.222589534131435229e+00
-6.251243819755854858e+00
-1.564671889208486988e+00
-5.685172717776412199e+00
-3.398172153493174363e+00
-1.369773318165958642e+01
-1.031544679341604720e+01
-2.784888944108955044e+00
-4.128700469267627682e+00
-3.060015741658871136e+00
-1.437056989420993958e+01
-2.336697133309128205e+00
-3.146396394869579893e+00
-1.643492361728842610e+01
-2.058064438786008310e+00
-1.878849373423472358e+00
-7.979298677647175708e+00
-1.888032139534715270e+00
-1.214792434982516411e+01
-6.099876234093597915e+00
-1.736298568271459430e+01
-2.542822110914073619e+00
-2.081784891651201619e+00
-4.438530464402019149e+00
-3.691481853408323133e+00
-1.867687486780338446e+01
-2.272843670303224428e+00
-2.006857276728148776e+01
-1.271280856146703186e+01
-1.811057153754299165e+01
-3.107041913819912793e+00
-1.873567566373694149e+00
-3.937433353045523887e+00
-1.354941196902187528e+01
-4.076395452746645276e+00
-1.429863659557891253e+01
-2.342666243097344392e+00
-1.325891978944022398e+01
-2.073379152771209988e+00
-2.147700276367174865e+00
-1.858824409953022894e+01
-9.176680674975369101e+00
-1.172809821850346523e+01
-2.404724043874175266e+00
-4.146239316019592280e+00
-1.153859895543966374e+01
-1.395664204854432100e+00
-2.311129981393523991e+00
-2.038115037164185850e+00
-3.826667975534880028e+00
-8.806161580965223834e+00
-1.624509359135996434e+01
-1.580127004881488872e+01
-1.675187810299885172e+00
-1.782879415278729951e+00
-4.155051049774106886e+00
-1.586078169192493448e+00
-6.803899910018914809e+00
-3.101592879702332439e+00
-1.470323270946388305e+01
-4.881753446294855081e+00
-5.164653156362202679e+00
-1.879333987909859616e+00
-4.656053391879945380e+00
-3.381152409098211464e+00
-1.847158439593059143e+00
-1.105314115041491974e+01
