nan
nan
nan
nan
nan
5.638999999999999568e-01
5.763333333333333641e-01
5.583428571428571408e-01
5.600000000000000533e-01
5.624888888888889271e-01
5.840999999999999526e-01
5.738909090909091182e-01
5.688333333333333020e-01
5.774538461538462064e-01
5.672428571428571598e-01
5.711666666666667114e-01
5.681000000000000494e-01
5.682529411764706273e-01
5.638888888888888840e-01
5.682368421052631513e-01
5.554999999999999938e-01
5.542619047619047334e-01
5.444909090909091365e-01
5.395434782608695690e-01
5.475666666666666460e-01
5.313999999999999835e-01
5.285769230769230553e-01
5.030518518518518611e-01
5.052428571428571047e-01
5.082689655172414334e-01
5.154666666666666286e-01
5.069677419354838843e-01
5.041999999999999815e-01
5.038878787878787735e-01
5.172529411764705820e-01
5.000142857142857444e-01
5.029888888888889298e-01
4.910918918918918963e-01
4.958368421052631314e-01
4.851358974358974119e-01
4.401999999999999802e-01
3.950390243902439091e-01
3.928619047619047455e-01
9.005441860465116521e-01
9.064727272727273188e-01
9.042777777777777359e-01
9.008608695652173814e-01
9.008234042553191490e-01
8.949666666666666881e-01
8.991918367346938279e-01
8.949000000000000288e-01
9.001921568627451187e-01
8.964692307692307960e-01
8.928320754716980723e-01
8.937814814814815101e-01
8.950181818181818239e-01
8.926428571428571823e-01
8.914561403508771686e-01
8.928586206896551580e-01
8.871508474576270675e-01
8.888333333333333641e-01
8.918065573770491694e-01
8.907709677419355376e-01
8.930269841269841136e-01
8.886749999999999927e-01
8.927153846153845773e-01
8.915484848484848124e-01
8.838746268656716421e-01
8.816941176470588504e-01
8.803072463768115696e-01
8.803142857142857158e-01
nan
