5.514137043026776297e+01
5.510540434093520190e+01
5.513415766142993846e+01
5.523188520548419689e+01
5.522551829723062156e+01
5.506038339634511658e+01
5.549301783113633491e+01
5.543695260178900952e+01
5.504253937830232246e+01
5.537798298933751795e+01
5.532083205212941834e+01
5.515503933245133084e+01
6.634202255384177249e+01
5.530682691218166269e+01
5.534732873832852107e+01
5.549616276372478296e+01
5.527267768231418188e+01
5.528534002752893173e+01
5.541844105836212009e+01
5.554071702271850342e+01
5.505636884094109718e+01
5.550457513297943279e+01
5.536592458197714706e+01
5.545073986083181694e+01
5.537775691263617261e+01
5.572426544250450320e+01
5.538258544315280574e+01
5.526628307809917118e+01
5.551345813488449465e+01
5.534943130471386752e+01
5.529635667371849195e+01
5.840773104731050580e+01
6.217204187179103769e+01
5.551233170798097660e+01
5.520402072431733131e+01
5.502833088343316348e+01
5.545058428868125588e+01
5.544077705581064208e+01
5.524469815027806874e+01
5.532535974725215056e+01
5.539815681428957106e+01
5.549409370826791843e+01
5.515943151405899414e+01
5.500653372592864088e+01
5.536766688997075647e+01
5.517384648656287283e+01
5.573138999056823195e+01
5.506035403607553036e+01
5.538300907391786865e+01
5.521100496332412177e+01
5.520423028470356286e+01
5.520568991209264453e+01
5.525432365439195337e+01
5.532175072044598352e+01
5.501691295500828005e+01
5.506595407713692225e+01
5.545077228069036579e+01
6.340758840640931737e+01
5.543266564067941715e+01
5.541084655016523897e+01
5.621670991589279254e+01
5.512339987671868613e+01
5.500541516169543144e+01
5.564706083484607291e+01
5.551599829590671220e+01
5.860255727110322255e+01
6.059229071102245712e+01
5.330883149321104497e+01
6.313460800356556035e+01
5.501418686843140193e+01
5.519500241396848139e+01
5.531950079746668081e+01
5.516383918900388039e+01
5.521273924249938858e+01
5.541482872781448066e+01
5.530151965724805052e+01
5.523265621035046280e+01
5.524199371151188132e+01
5.514415895685979763e+01
5.529257845012341477e+01
5.507967193659872152e+01
6.043931653228599998e+01
5.257633951635280312e+01
6.161461141887154724e+01
6.483752397625255526e+01
5.515125973686379979e+01
5.537781874583407671e+01
5.558858630911565513e+01
5.546439863645908730e+01
5.511480350753908652e+01
5.566266942819584074e+01
5.506089100746292786e+01
5.503703064722161997e+01
5.510196729944824057e+01
5.529270594704472330e+01
5.546641399254278326e+01
5.550791795786798843e+01
5.526293674437408043e+01
5.554818905772577864e+01
5.553870720079564194e+01
5.544426233133528115e+01
5.521017565156074625e+01
5.517250135147094170e+01
5.524691437268666760e+01
5.555334140320263003e+01
5.526926311288488591e+01
5.547979090303164185e+01
5.530947016634768687e+01
5.532537783437690138e+01
5.526158744608405726e+01
5.572257205644050515e+01
5.504010158406930486e+01
5.515642530441770930e+01
5.515575042622455015e+01
5.513962500769446962e+01
5.509905395015488239e+01
5.537293063118170267e+01
5.513270772438651335e+01
5.502802276228988632e+01
5.503402697506327002e+01
5.526702987703824732e+01
5.550147550894917714e+01
5.524096746001885805e+01
5.505772048418629794e+01
5.520000950488795155e+01
5.544542872755582152e+01
5.508836231217887303e+01
5.544406246980396702e+01
5.510796476974711311e+01
5.530397479616432577e+01
5.545603995969909761e+01
5.515835579748920736e+01
5.510394422539604165e+01
5.526703728904858082e+01
5.510133796836368703e+01
5.519048594145515807e+01
