-1.320814698686563204e+00
-9.546647963890571020e-01
-1.060316566666321236e+00
-9.904681418123697512e-01
-1.095641418937194800e+00
-8.818453561000083596e-01
-1.060269055644763370e+00
-8.679463775297833195e-01
-4.480359641849602781e-01
-9.268130196230419671e-01
-6.704435267516419827e-01
-7.261680621625643539e-01
6.469014562932322576e-01
-7.272696150588391362e-01
-6.798006296249070601e-01
-8.360598405967643032e-01
-8.034879476568281831e-01
-1.147564440694534227e+00
-7.960635021936894873e-01
-7.014535155859054072e-01
-2.246633244847609134e+01
-9.237456041828107089e-01
-1.543567317678281370e+00
-1.147882087598755874e+00
-1.305769608337667975e+00
-1.608515693873727059e+00
-6.064668744423471480e-01
-5.276054301716239792e-01
-9.776122571164691522e-01
-6.954068816607339443e-01
-6.336314648772933822e-01
-7.157741656258274077e-01
-6.929288169632723537e-01
-6.659457406049433814e-01
-6.414453251475897844e-01
-7.157145134007940612e-01
-1.187998979006827938e+00
-1.013999255408087663e+00
-8.469311460639321609e-01
-1.370711789618635379e+00
-1.148299827856844146e+00
-8.201253468551179537e-01
7.505582485332489284e-01
9.928756660461850458e-01
1.180560590161370271e-01
6.070398737248829946e-01
6.668932009998194133e-01
8.579716502873360184e-01
4.719704015425882915e-01
5.485030524820011522e-01
1.136178734966758697e+00
9.445592778192208883e-01
1.116593400021283600e+00
6.773657909530719223e-01
2.981732402015175865e-01
2.705677243356454653e-01
8.056355848158567312e-01
4.442327215289729736e-01
3.018244513272883012e-01
7.000534978156380816e-02
6.756042221515166091e-01
1.430214964048523996e-01
9.228512680259628453e-01
7.840753852047690486e-01
-4.475313896354329302e-01
8.071596182293170330e-01
4.635575328020955510e-01
4.283421953931245696e-01
5.528793949670465224e-01
-1.902262430279963112e+00
5.721868847292590488e-01
6.962166615804470382e-01
