nan
nan
nan
nan
nan
3.444999999999999729e-01
2.874333333333333185e-01
2.399142857142857188e-01
2.116999999999999993e-01
1.867222222222222339e-01
2.763999999999999790e-01
2.478909090909090784e-01
2.505333333333333301e-01
2.993307692307692336e-01
5.301714285714286268e-01
4.804666666666666530e-01
4.915999999999999814e-01
4.933058823529411496e-01
4.508222222222222353e-01
4.915421052631578913e-01
4.593999999999999750e-01
4.717666666666666675e-01
4.449636363636363390e-01
4.336956521739130377e-01
4.109333333333333171e-01
3.852999999999999758e-01
3.700615384615384418e-01
3.626185185185185067e-01
3.413999999999999813e-01
3.296586206896551796e-01
3.180666666666666642e-01
3.063129032258064544e-01
2.940999999999999726e-01
2.920424242424242700e-01
2.710529411764706076e-01
2.606999999999999873e-01
2.541111111111111209e-01
2.417783783783783724e-01
2.351052631578947338e-01
2.345333333333333437e-01
2.172000000000000042e-01
2.119731707317073222e-01
2.035238095238095235e-01
2.014255813953488294e-01
2.037727272727272720e-01
2.046888888888888924e-01
1.970000000000000084e-01
2.005382978723404264e-01
1.862333333333333341e-01
1.764122448979591751e-01
1.736999999999999933e-01
1.847196078431372623e-01
1.924923076923076848e-01
1.583830188679245243e-01
1.638407407407407312e-01
1.616636363636363705e-01
1.603428571428571481e-01
1.704245614035087841e-01
1.711931034482758740e-01
1.963050847457627202e-01
1.805333333333333234e-01
1.672524590163934344e-01
1.557387096774193458e-01
1.493698412698412636e-01
1.391499999999999959e-01
1.389846153846153731e-01
1.398212121212121239e-01
1.350298507462686648e-01
1.313764705882352890e-01
1.269057971014492803e-01
1.255142857142857171e-01
1.262985915492957634e-01
1.230555555555555569e-01
1.224808219178082219e-01
1.207891891891891833e-01
1.177333333333333287e-01
1.126684210526315844e-01
1.225662337662337675e-01
1.196897435897435885e-01
1.226645569620253146e-01
1.348999999999999921e-01
1.406049382716049456e-01
1.402878048780487885e-01
1.513566265060241056e-01
1.552190476190476176e-01
1.675823529411764601e-01
1.784534883720930165e-01
1.824390804597701143e-01
1.868454545454545368e-01
1.834786516853932625e-01
2.051444444444444348e-01
2.035483516483516386e-01
2.066956521739130304e-01
2.163913978494623747e-01
2.211404255319149026e-01
2.299473684210526225e-01
2.383166666666666766e-01
2.434525773195876375e-01
2.400591836734694007e-01
2.500404040404040629e-01
2.464999999999999969e-01
2.498415841584158414e-01
2.581686274509804035e-01
2.592844660194174589e-01
2.599923076923076892e-01
2.573952380952381214e-01
2.603962264150943562e-01
2.703981308411215201e-01
2.750037037037036947e-01
2.705155963302752209e-01
2.637363636363636576e-01
2.758684684684684640e-01
2.802142857142856935e-01
2.806761061946902447e-01
2.757561403508771991e-01
2.788565217391304474e-01
2.777793103448276124e-01
2.833264957264957085e-01
2.832000000000000073e-01
2.868016806722689105e-01
2.923333333333333339e-01
2.866966942148760356e-01
2.801934426229508168e-01
2.886252032520325028e-01
2.916935483870967682e-01
2.967000000000000193e-01
2.835460317460317681e-01
2.999330708661417377e-01
2.849625000000000075e-01
2.914356589147286680e-01
2.800538461538461532e-01
2.836183206106870358e-01
2.876303030303030139e-01
2.797909774436090347e-01
2.775014925373134322e-01
2.696629629629629377e-01
2.777764705882352914e-01
2.531430656934306467e-01
2.478637681159420181e-01
2.552395683453237418e-01
2.562714285714285944e-01
2.501602836879432412e-01
nan
