5.546068440030288116e+01
6.107612807235815211e+01
6.489412573263645356e+01
6.788546846369770549e+01
5.785001414749076787e+01
5.544401085472212287e+01
6.067951417004849901e+01
4.853215269650810626e+01
6.224663303105544543e+01
5.534474507811156485e+01
6.016049017052481673e+01
5.563678306693557118e+01
6.404273991425701240e+01
5.506124459886998324e+01
5.519247074241759066e+01
5.532421340217732819e+01
5.544555008653807704e+01
5.558838738222747367e+01
5.515365703270493469e+01
5.607603341006615238e+01
5.774346361764713720e+01
5.390758147081002249e+01
6.013804869772724260e+01
5.561246320877628335e+01
5.551938961176962550e+01
5.540414170651030190e+01
5.532205526075241409e+01
5.548558907624546066e+01
5.530239123474591878e+01
5.552414755879097186e+01
5.585292962517983995e+01
5.501836845528332276e+01
5.665127173732809496e+01
5.506353888993351120e+01
5.571303868282343075e+01
5.549771654222020345e+01
5.551592178177560299e+01
5.663741790917308094e+01
5.526074204594577566e+01
5.583453889693262084e+01
5.688261797563280453e+01
5.523115337571766759e+01
5.541549291617504736e+01
5.556216571274983806e+01
5.528729082931960903e+01
5.587326628022493935e+01
5.532928281323660968e+01
5.543739779442314131e+01
5.514182903931144608e+01
5.543908967052709613e+01
5.512659086622591786e+01
5.506373695808049717e+01
5.789640876331096564e+01
5.543652998047294744e+01
5.668985460647415664e+01
5.558078263920690176e+01
6.060311698212228748e+01
5.712995199108065947e+01
5.572002319097524037e+01
5.559455129397930762e+01
5.652576820387606915e+01
5.531423269818284183e+01
5.576779912502477998e+01
5.917056537876378997e+01
5.502644150145968638e+01
5.514677770589346295e+01
5.573784664285280144e+01
5.525766885569017717e+01
5.562538927280589007e+01
6.101190723382317316e+01
5.538094215245008201e+01
5.555609591924014978e+01
5.505310916676850752e+01
5.565333858927728272e+01
5.560060027308408337e+01
