5.534449722733223354e+01
5.563237020025567148e+01
5.562153738835024086e+01
5.587427412053101250e+01
5.655400963332724018e+01
5.592923656087744178e+01
5.539124123747693318e+01
5.620095608658927233e+01
5.599393293667664295e+01
5.635911475827841599e+01
5.549841500638097358e+01
5.522177994622583697e+01
5.543008464421932757e+01
5.514229292870663102e+01
5.508653882421997139e+01
5.500261559981705517e+01
5.502657073389774922e+01
5.611688821192264953e+01
5.629231420047669587e+01
5.621889251317581682e+01
5.510426674601607289e+01
5.516927632966331885e+01
5.543172919894909967e+01
5.596932184404604271e+01
5.562736267621761499e+01
5.622002207867009105e+01
5.538133400125578021e+01
5.579802786774647672e+01
5.576223778266989939e+01
5.644549856593933868e+01
5.507339395139929650e+01
5.614060597440372646e+01
5.610278020012267319e+01
5.552125237711660333e+01
5.590038524277073861e+01
5.507270608559951341e+01
5.518540661690522597e+01
5.522971358811272324e+01
5.560042760872575229e+01
5.526982777232972666e+01
5.603594404842834820e+01
5.509884372687928078e+01
5.593740532079460337e+01
5.622564338240977122e+01
5.629123001308035867e+01
5.529817086304304752e+01
5.501088116337820821e+01
5.620980918970217033e+01
5.581794476693671214e+01
5.610904203376566812e+01
5.563678112070602566e+01
5.541916682204981015e+01
5.613920453702081659e+01
5.535610367475292293e+01
5.546132327778084203e+01
5.507148397092531411e+01
5.592645808809748331e+01
5.588720229975993448e+01
5.629752623794173161e+01
5.614682865544500601e+01
5.624362653022676994e+01
5.618520545967501079e+01
5.632212344357240141e+01
5.514140378203823190e+01
5.626496334946270395e+01
5.593677445611504595e+01
5.597110401182987971e+01
5.510137673613070319e+01
5.584608265952107331e+01
5.583878785735806360e+01
5.584900475999499037e+01
5.591345154737727086e+01
5.530944756562821851e+01
5.543479567882702952e+01
5.604969550893576269e+01
5.549419874628686955e+01
5.613352256604095913e+01
5.525862519091428737e+01
5.633920714306385236e+01
5.636164045594477301e+01
5.631818464987824768e+01
5.535565346650120233e+01
5.580043459869433065e+01
5.543767941549101863e+01
5.524249562233988087e+01
5.608654565866301311e+01
5.530516113002325795e+01
5.589262958238108325e+01
5.627328528243532446e+01
5.616124701115175100e+01
5.551474318276999043e+01
5.606597726952242056e+01
5.545968838420238001e+01
5.522280413394999243e+01
5.630295365072633018e+01
5.598908664584447337e+01
5.653060121383870751e+01
5.576538927760345388e+01
5.591908502310663209e+01
5.620181158289037882e+01
5.548452303709707678e+01
5.566452572090786077e+01
5.584732154659567982e+01
5.504918960226267899e+01
5.576344407709615325e+01
5.542847487717522625e+01
5.532913765479738544e+01
5.641822955084361269e+01
5.605288723242487237e+01
5.535257878537063192e+01
5.627648514868423035e+01
5.559364686911389697e+01
5.593876635574691392e+01
5.556366674675884809e+01
5.565415271260300756e+01
5.534340495233718826e+01
5.539896313941046202e+01
5.519684393610631190e+01
5.564296803172599226e+01
5.607064224148984266e+01
5.629575557583982715e+01
5.594280604358470299e+01
5.622451236434844901e+01
5.593446056565444024e+01
5.579727529918341844e+01
5.601039268784319347e+01
5.622328423787829621e+01
5.545393892743734199e+01
5.584067310288367736e+01
5.510847739736014006e+01
5.644101500373208324e+01
5.609384976052012206e+01
5.614494953273575817e+01
5.508121127947769935e+01
