nan
nan
nan
nan
nan
2.726797495788857439e-01
3.633808834458994719e-01
1.993600194742669585e-01
1.540573735739539929e-01
1.050697584519081351e-01
1.641252258496563865e-01
1.033972923275976452e-01
1.181752822056765240e-01
1.933347366282488489e-01
1.878233337155820193e-01
1.402765676510805415e-01
1.444380014836240678e-01
1.013173833000042823e-01
8.617917094284710533e-02
7.775549444631624230e-02
4.962597873006335814e-02
2.687415535673920441e-02
5.938894686847939752e-02
4.274656435405133070e-02
4.024331462168151408e-02
4.484486538727394667e-02
3.982677202027207208e-02
3.732902419316797005e-02
1.287498666442062900e-01
1.702874164895935571e-01
1.506198016172866083e-01
1.901158163898413189e-01
1.050911264840332926e-01
1.419757127675126407e-01
2.056768278131714256e-01
1.657322022982189447e-01
1.980140055510833941e-01
2.972095083714251240e-01
3.089334208324998610e-01
1.986387238822054924e-01
2.814123252509214135e-01
1.967971971591718772e-01
3.934141964218647036e-01
2.708217074938572555e-01
2.852586758890199858e-01
2.354395903931666423e-01
3.314279316482451332e-01
2.900071069106828769e-01
2.651829281204696187e-01
3.060248936103023842e-01
2.677947645708317337e-01
3.426048483517197818e-01
3.231987067533651503e-01
3.060154469294951163e-01
2.389500847663587058e-01
3.428258608844922950e-01
2.458249880903565776e-01
2.440387213458979909e-01
2.246331245107459074e-01
1.835153815239695119e-01
2.054207861987507044e-01
1.365859418073914755e-01
1.632265311270290065e-01
1.291416771824108745e-01
2.091974229978537103e-01
1.752062257288983238e-01
2.513467844739035728e-01
1.558101074192600466e-01
1.120516412393096628e-01
1.859516160120839867e-01
2.967209794666504363e-01
2.824587171425125831e-01
3.275027489846163986e-01
4.079479167323522004e-01
4.007590341219064989e-01
4.440134182693588061e-01
3.567222785564022614e-01
3.162982219190211275e-01
3.917112090640141320e-01
3.584621705551014337e-01
3.758985676235395701e-01
5.068971774044899181e-01
4.346635056420048437e-01
3.927477690636714813e-01
4.116719164931167407e-01
4.591461251967950963e-01
3.848665892845262171e-01
4.417021155378332287e-01
3.855910120952459330e-01
3.126207956682705014e-01
3.538785788418022937e-01
3.279888838403312024e-01
3.052804438712540813e-01
2.886026489001888296e-01
2.912605420439965398e-01
3.032927410187059580e-01
1.922955535673012140e-01
1.603287230864800517e-01
2.034852540139757693e-01
1.940265773734249910e-01
1.281894394384417435e-01
1.573472793261244673e-01
6.999021436748775749e-02
5.545269762064009011e-02
7.606865478275148806e-02
7.236189341421706001e-02
nan
