nan
nan
nan
nan
nan
3.299000000000000266e-01
4.111000000000000210e-01
4.855285714285714205e-01
5.012999999999999678e-01
5.176666666666667194e-01
4.586000000000000076e-01
4.504727272727272469e-01
4.279000000000000026e-01
4.483307692307692549e-01
4.542142857142857371e-01
4.606000000000000094e-01
4.618999999999999773e-01
4.649294117647058688e-01
4.694333333333333136e-01
4.564052631578947583e-01
4.233999999999999986e-01
4.189428571428571169e-01
4.196363636363636407e-01
4.123652173913043284e-01
4.134999999999999787e-01
4.082999999999999963e-01
4.016153846153845963e-01
4.075888888888888895e-01
3.763571428571428346e-01
3.716517241379310166e-01
3.838666666666666893e-01
3.765258064516128766e-01
3.533999999999999919e-01
3.264909090909091094e-01
3.248647058823529443e-01
3.313142857142857278e-01
3.260888888888888726e-01
3.264918918918918722e-01
3.098526315789473795e-01
3.057769230769230573e-01
2.940999999999999726e-01
2.872390243902439022e-01
2.856619047619047835e-01
2.829767441860465138e-01
2.967909090909091052e-01
2.872111111111110837e-01
2.901826086956521555e-01
2.870936170212766148e-01
2.861666666666666803e-01
2.784673469387755063e-01
2.781000000000000139e-01
2.763686274509803975e-01
2.752769230769230857e-01
2.655283018867924394e-01
2.668259259259259109e-01
2.609727272727272451e-01
2.428714285714285714e-01
2.410245614035087802e-01
2.480344827586206946e-01
2.427033898305084869e-01
2.437333333333333296e-01
2.423262295081967110e-01
2.332838709677419464e-01
2.380079365079365017e-01
2.313000000000000056e-01
2.360615384615384615e-01
2.345939393939393824e-01
2.230985074626865572e-01
2.174764705882352989e-01
2.146289855072463781e-01
2.187571428571428445e-01
2.111619718309859228e-01
2.160444444444444556e-01
2.033054794520547937e-01
2.119459459459459572e-01
2.064666666666666595e-01
2.113684210526315665e-01
2.066519480519480589e-01
2.040538461538461412e-01
2.035670886075949260e-01
1.962000000000000133e-01
1.920172839506172902e-01
1.979195121951219383e-01
1.863072289156626482e-01
1.889809523809523883e-01
1.902411764705882469e-01
1.855883720930232572e-01
1.936229885057471345e-01
1.798454545454545583e-01
1.824561797752808912e-01
1.821555555555555428e-01
1.790439560439560374e-01
1.902217391304347749e-01
1.767892473118279628e-01
1.814404255319148895e-01
1.695947368421052703e-01
1.708333333333333370e-01
1.781628865979381360e-01
1.728836734693877664e-01
1.684959595959595879e-01
1.625000000000000056e-01
1.578960396039603975e-01
1.626843137254901928e-01
1.645650485436893073e-01
1.539153846153846206e-01
1.737047619047619174e-01
1.652924528301886742e-01
1.656168224299065517e-01
1.595629629629629620e-01
1.606082568807339350e-01
1.638090909090909042e-01
1.596918918918918961e-01
1.592571428571428471e-01
1.577053097345132715e-01
1.540368421052631664e-01
1.582521739130434701e-01
1.603517241379310287e-01
1.570358974358974369e-01
1.480050847457627106e-01
1.451865546218487346e-01
1.365000000000000102e-01
1.388421487603305748e-01
1.360393442622950810e-01
1.359796747967479680e-01
1.351419354838709619e-01
1.376999999999999891e-01
1.343539682539682534e-01
1.341118110236220462e-01
1.454499999999999960e-01
1.357922480620155081e-01
1.280923076923076998e-01
1.311656488549618194e-01
1.265969696969697078e-01
1.278744360902255572e-01
1.276492537313432818e-01
1.246703703703703758e-01
1.266647058823529293e-01
1.219029197080292032e-01
1.254144927536231802e-01
1.201690647482014374e-01
1.227285714285714230e-01
1.278312056737588576e-01
1.221929577464788697e-01
1.280839160839160884e-01
1.194666666666666655e-01
1.230413793103448256e-01
1.241082191780821936e-01
1.194673469387755038e-01
1.237189189189189242e-01
1.144630872483221457e-01
1.187333333333333296e-01
1.151298013245033169e-01
1.197526315789473744e-01
1.155562091503267996e-01
1.159259740259740296e-01
1.159806451612903216e-01
1.053589743589743583e-01
1.064222929936305684e-01
nan
