2.831082645800409026e+01
1.764660211306972570e+01
2.857584570388371503e+01
6.203867090165686271e+00
1.673333082763190305e+01
3.531915449098475790e+01
1.197530775454682406e+01
9.201473600846080458e+00
2.919060989341009105e+00
3.237046258983497893e+01
3.269591528449704132e+00
8.629479624803041204e+00
2.010139931722530804e+01
3.170342963015240656e+01
4.153867875197363446e+00
1.232336326441033947e+01
3.132294864871568052e+00
1.870959211511128828e+01
4.766261103480681882e+00
1.720581529321724901e+01
3.542361034197887903e+01
1.769406679214149136e+01
4.193210654929966807e+00
3.175787848682089276e+01
1.331144856615184402e+01
2.680933025512360857e+01
2.758689226738268729e+01
2.198992509180925836e+01
2.800251815773906827e+01
3.518711249188106649e+01
3.241731207931066194e+01
1.408113866119031599e+01
3.322363786908218941e+01
2.523563732236841162e+01
2.399913863041738082e+01
3.463984653442267803e+00
3.196596810284234280e+01
1.710306365626399128e+01
4.421343295671966267e+00
4.784929675165039420e+00
1.796352932565589100e+01
2.793554235668872110e+01
1.321639023476975927e+00
6.641659185385449859e+00
4.736287269154487944e+00
2.237432206281262381e+01
3.067823233383885650e+01
2.986957148973043630e+01
3.566468859875666197e+00
3.601599530475725430e+01
7.524493461199618594e+00
1.972367089997982958e+01
9.626516548586380395e+00
2.773784729720684794e+00
2.760292720624882890e+01
1.134816867111397265e+01
2.604898108482055719e+01
1.738607745377247582e+01
1.472068375275881635e+00
1.961038505580202695e+01
2.113412125592565616e+01
3.243622231180960114e+01
3.449030028022946226e+01
2.922470097317075499e+01
3.559164733463425989e+01
1.500689113148357023e+01
5.123609880450835874e+00
2.544067166583814554e+01
1.789669232743779048e+01
3.135598603737109258e+01
2.324030278016756057e+01
2.257572923099315432e+01
2.656990902412766076e+01
2.954341823757073371e+01
8.537537487812368653e+00
1.788867727889582682e+01
5.822050733044096482e+00
3.552260998627763655e+01
1.719175654060179426e+01
3.113853355956014113e+01
1.671270459961044708e+01
2.647669298253456915e+01
2.970041306400162284e+01
7.182843710559227191e+01
2.200821750503184404e+01
1.880291513486338317e+01
7.770946458966340842e+00
1.937112551644808889e+00
8.664065278479258225e+00
3.404031631739693609e+01
2.862967802131482031e+01
7.887497041646666318e+00
4.806406646985664111e+00
2.739647799701020858e+01
1.569444533857412338e+01
2.589064439854352528e+01
2.567459361673893881e+01
6.597986335023067639e+00
2.001230400699576961e+01
1.370654103088916642e+01
