1.238716785312496071e+01
2.285975485846762467e+01
3.478908779475877822e+01
1.450784871422794353e+01
2.210336997303438267e+01
3.592846318621558055e+01
7.082531450284543340e+00
1.364020261995233163e+01
3.936214803016341968e+00
3.271487797293514888e+01
3.765372324109492297e+01
1.223408391937101847e+01
1.700340117482497959e+01
2.492250607014602082e+01
9.508038932598864790e+00
1.026363561269620384e+01
2.188081549300190431e+01
2.528085517356165113e+01
7.705309520128032830e+00
8.134747930983069253e+00
2.513884712078968064e+01
2.944112720035975173e+01
1.193880778181747537e+01
3.718165995858544193e+01
7.069482054739776089e+00
2.725095770182256061e+01
2.072257641574829989e+01
1.552108491596514916e+01
8.149864726583938790e+00
1.447393672800184561e+01
1.481492000451454771e+01
2.143663124101959028e+01
3.163132697508621050e+01
3.391959078951240514e+01
3.086694576742037555e+01
3.361529118949427897e+01
1.943060780409512844e+01
3.757415704622601282e+01
7.004794200113174441e+00
2.080400662976040849e+01
2.398150697183810109e+01
9.083302173812828784e+00
1.996770884826234038e+01
9.101052865070700548e+00
2.821399705626830823e+01
3.300968866495380638e+01
3.818416722889136139e+01
2.315729526605755240e+01
1.327416192127918038e+01
3.500742456209709985e+01
3.303144366880783878e+01
3.592519062434269017e+01
2.530232630051932929e+01
2.813915483892947123e+01
1.836525387471924020e+01
2.994678457195340826e+01
1.664286817710543431e+01
1.583126742590682845e+01
1.715479161018285126e+01
1.448062700694806360e+01
9.125487431808760874e+00
8.899533982571915303e+00
8.168449607754265429e+00
1.139335970061784842e+01
1.009475778805700230e+01
2.378619159069371491e+01
2.880115411050521956e+01
1.925101402918947002e+01
6.767296763352195654e+00
2.233034140673554901e+01
3.363105711157693634e+01
2.476722771770094056e+01
2.838658107358250149e+01
2.697511208694839624e+01
2.638392040629251056e+01
2.592899197326691052e+01
3.044709882342092655e+01
1.465763321252983964e+01
2.531164363160316810e+01
1.619517513203556902e+01
1.251394294777283811e+01
3.309319288993000896e+01
2.960983421652645831e+01
1.301747832740313626e+01
2.680881099281085156e+01
5.238520423869081455e+00
2.732473586407730792e+01
2.435727295796894154e+01
1.465737299780723824e+01
3.409219711433942734e+01
2.505815255868201064e+01
1.069268916184967999e+01
3.355623509963638185e+01
2.652558259498270488e+01
2.102724007614063950e+01
1.690775905694781756e+01
6.546062334107368486e+00
1.723275035211408124e+01
2.496478289293267849e+01
1.356903148438530238e+01
6.262543611537694233e+00
1.531478114297284776e+01
2.725848458336140112e+01
3.278911821920018355e+01
1.558650957790088398e+01
1.841053702473577047e+01
2.017166397459084948e+01
2.795711764088498086e+01
3.782306962800699779e+01
5.541493324278899735e+00
2.951695387419239935e+01
4.094365067497406585e+00
3.895769377793450161e+01
3.162383733962695231e+01
1.814052607058107824e+01
2.480528278435690481e+01
3.068421883395978256e+01
1.692513670470484755e+01
1.861472304053716798e+01
2.933720410012641366e+01
3.364500228928595504e+01
6.713503217634007925e+00
3.427414180824868595e+01
7.856474870302946556e+00
1.980041100345950511e+01
3.406087217435609205e+01
3.417229653834658620e+01
1.579348756776544249e+01
5.042722380487578704e+00
2.057120064472855248e+01
3.568970995081247821e+01
6.947938059715911940e+00
9.986304058788940452e+00
2.671051575164909764e+01
1.283698344686449921e+01
2.439390960205464509e+01
3.114693614748411932e+01
2.458945584440937182e+01
6.990383298485435049e+00
1.893657982573904164e+01
1.548051477241465435e+01
