1.690118916153735640e+01
3.942187668078268814e+01
3.499377808537122547e+01
2.754031530810612693e+01
3.594516450902688121e+01
1.024281437979191622e+01
2.378241364394404300e+01
3.932165441316548282e+01
9.426148753254993906e+00
1.672322568099834328e+01
1.998609948658972257e+01
1.207867023536016937e+01
1.323016371302204419e+01
3.727995994280784231e+01
3.452898274542847901e+01
2.060081670727102576e+01
3.496608557217434310e+01
1.939890020833641771e+01
1.492609255826242887e+01
1.477933553624090379e+01
3.583084354453936982e+01
2.941391584260757597e+01
2.887168407166062423e+01
2.837979798797391950e+01
2.193851577202381264e+01
3.062492486620564947e+01
4.050511549010378332e+01
1.309080619375433052e+01
2.099566577583232885e+01
2.835882357786633889e+01
2.370295775591977261e+01
1.345360355937656394e+01
2.317652607677919008e+01
1.303828494420423212e+01
1.060533907104018070e+01
8.167206357855363308e+00
9.729876730144164654e+00
6.720594314141486336e+00
3.382656889381807730e+01
2.679260059347168266e+01
3.378193625916623688e+01
4.173294679768275017e+01
1.399897816893514779e+01
3.924313004436913843e+01
4.048205939055329594e+01
1.794580420629346662e+01
3.762819121978998282e+01
1.678602677749145755e+01
3.311003965866730425e+01
3.129024529261794996e+01
3.388800965891203276e+01
3.824423056935332710e+01
1.487886219425048928e+01
2.647398004199054711e+01
2.631152665087101639e+01
3.386392068903823827e+01
1.442949258485133512e+01
-1.542020070751038361e+02
2.581385797856999886e+01
1.838326242946598299e+01
2.266228279400408496e+01
3.747419219251356282e+01
2.776760663764273573e+01
3.813743155556363007e+01
2.874386118153369907e+01
1.645476692064409718e+01
1.507612715447540808e+01
2.519987815797682273e+01
3.598389985090470589e+01
2.837672299422754563e+01
3.907037887060869252e+01
3.948211722322324135e+01
1.390284280207052348e+01
3.180532755262006006e+01
2.176603231775046865e+01
2.174255203268205605e+01
3.095090455684626463e+01
3.734177731044574955e+01
1.697499374272450723e+01
1.362151691400595155e+01
3.157487812554790096e+01
3.823741078922761716e+01
1.317681353985834036e+01
2.846178609611034460e+01
3.884692706856647249e+01
2.407963631840769736e+01
3.862878287134343225e+01
3.372511386875372352e+01
2.088599724878593022e+01
3.156584930131272060e+01
1.851431030491146146e+01
4.014556225785734966e+01
1.006165326984638320e+01
-1.303137377303148412e+02
2.316672720369574989e+01
2.614091360175558165e+01
2.636771119760251025e+01
9.326280085504363271e+00
3.533914168532153610e+01
3.147607565623325954e+01
1.794900921336157396e+01
1.796470471755572262e+01
2.330793050211652329e+01
1.216557829904251165e+01
3.078062645899795058e+01
2.119151557104292039e+01
1.818492087916548172e+01
1.442722553360653137e+01
1.933758639878801588e+01
1.019251078234622376e+01
1.500394960121643528e+01
