3.575638953395781527e+01
7.883997640936991402e+00
1.755450858163175099e+01
1.562710050590676047e+01
1.300772579342524438e+01
3.226245177753863658e+01
2.618874888082291719e+01
3.004395288246039186e+01
1.144773118175981530e+01
1.954681363923598525e+01
1.804736931273540890e+01
3.094462815662056343e+01
1.935200254310248980e+01
1.633520279008443765e+01
1.086000795687652420e+01
2.488232841209707047e+01
7.735747384243161662e+00
1.844240562709052966e+01
1.560970170556320724e+01
1.342816859517846062e+01
3.668814792187581020e+01
2.858288412139214785e+01
2.947385994631772022e+01
6.301370044853701557e+00
2.370939237114939502e+01
1.903485521362025068e+01
2.105081011714128891e+01
2.831985320393587457e+01
2.381036335968314432e+01
2.510320163665084081e+01
1.763730433550177068e+01
2.844660449222187992e+01
1.643196129216359935e+01
1.426782443311901361e+01
1.007612410425499583e+01
1.914610100994344677e+01
7.660910272612465377e+00
1.839162858365244446e+01
2.924123931911818186e+00
3.168780729591631840e+01
2.216707897037983699e+01
2.833350969876546088e+01
9.082101161363615560e+00
2.708689945992546555e+01
3.592578209191984229e+01
1.295921902260477054e+01
1.408234011448051248e+01
2.833703281675141028e+01
3.196335346015636958e+01
2.440541035471529696e+01
1.054612949353841245e+01
2.665034804857606332e+01
2.937213808355340916e+01
1.112173405489115119e+01
2.804705346526941057e+01
1.822089948905206924e+01
5.881732323845781707e+00
1.705277409486296136e+01
3.342838394550781089e+01
2.286797444288479753e+01
2.419048698044424128e+01
7.962524884402619740e+00
4.014334823696010801e+00
8.078403921606330584e+00
1.107570714890604080e+01
1.092242695453041534e+01
1.569633295842368170e+01
8.151747815525526519e+00
1.898217253750008027e+01
1.611851979538844759e+01
2.473675233562196851e+01
3.737025462866656511e+01
1.611543211444634593e+01
1.100447569595941566e+01
2.963447229224253121e+01
2.081606860421072724e+01
2.680811492989521128e+01
1.070897996432488952e+01
2.594207588072501025e+01
1.010714497761153652e+01
2.433255817313683167e+01
3.452624805612500580e+01
1.942377807576324500e+01
2.985079439168169912e+01
8.780026519669361207e+00
2.284651580658350056e+01
1.853057404976555844e+01
1.095499261102909649e+01
8.541353951406412293e+00
1.250807447674309536e+01
5.152240760315635271e+00
1.924556928132723499e+01
7.201049362370678608e+00
2.454174579457684402e+01
1.923865146125571712e+01
1.079946551219495987e+01
3.714210391733124084e+01
1.747192570956181967e+01
1.982676867003393184e+01
2.184172751493155928e+01
1.489500969715454737e+01
1.566074008289922581e+01
3.183054861863725904e+01
2.779442255875373746e+01
1.503599836098826437e+01
5.159543426269697086e+00
1.598390374186529961e+01
2.989256425549563545e+01
5.167631280322027010e+00
1.869422795273263915e+01
1.375960465294096835e+01
3.598795751191449455e+01
3.485308573919209607e+01
3.373907705125423462e+01
2.930474983367398067e+01
2.426444256768139951e+01
2.721865241277734526e+01
3.044177656617699057e+01
1.894419269302192177e+01
2.142639577442351495e+01
9.626244623457690608e+00
1.740199732948290290e+01
1.757443138968970686e+01
3.664304003554158129e+01
1.829623732300557748e+01
3.317588061630615925e+00
1.877214394322387747e+01
1.523725064633241821e+01
1.138643016078633963e+01
8.047284977835156283e+00
1.223581145307755236e+01
2.975296646134986744e+01
1.231418298991321159e+01
1.396806029980964325e+01
5.399409150474774322e+00
2.001508980191411169e+01
1.989997052717696135e+01
4.247905902087262930e+00
5.100821696074138600e+00
2.788476803653140479e+01
4.948666801356377931e+00
1.693175289922448101e+01
4.390554900435336805e+00
3.395358506158314782e+01
2.696982536670029162e+01
2.653863416842618506e+01
2.248268298069827154e+01
6.148289198065526762e+00
1.248962385476551162e+01
1.046520335937694846e+01
2.716683491614816148e+01
1.625172187551541825e+01
6.959187848731153814e+00
9.833726510084250805e+00
1.709605378318450519e+01
1.366077120274489154e+01
3.447510182830607306e+01
2.199610021372382107e+01
3.172161675165207839e+01
