nan
nan
nan
nan
nan
7.823999999999999844e-01
7.603999999999999648e-01
7.468000000000000194e-01
6.974000000000000199e-01
6.761000000000000343e-01
6.847999999999999643e-01
6.393999999999999684e-01
6.340000000000000080e-01
6.096000000000000307e-01
5.800999999999999490e-01
5.762000000000000455e-01
5.368000000000000549e-01
4.480000000000000093e-01
4.385999999999999899e-01
4.299000000000000044e-01
4.079999999999999738e-01
4.117999999999999994e-01
3.991000000000000103e-01
3.800000000000000044e-01
3.271000000000000019e-01
3.277999999999999803e-01
3.205000000000000071e-01
3.078000000000000180e-01
3.045999999999999819e-01
2.944999999999999840e-01
2.894999999999999796e-01
2.842999999999999972e-01
2.812999999999999945e-01
2.898000000000000020e-01
2.878999999999999893e-01
2.824999999999999734e-01
2.750000000000000222e-01
2.612729729729729722e-01
2.696999999999999953e-01
2.711589743589743473e-01
2.624000000000000221e-01
2.664097560975609569e-01
2.589904761904762154e-01
2.556441860465116234e-01
2.510000000000000009e-01
2.456000000000000127e-01
2.536608695652173839e-01
2.550617021276595509e-01
2.586999999999999855e-01
2.398918367346938862e-01
2.338999999999999968e-01
2.441117647058823614e-01
2.513615384615384696e-01
2.596698113207547287e-01
2.625555555555555420e-01
2.663363636363636489e-01
2.673285714285714154e-01
2.777473684210526317e-01
2.767068965517241463e-01
2.682203389830508655e-01
2.519000000000000128e-01
2.634573770491803191e-01
2.640032258064516357e-01
2.605476190476190279e-01
2.374999999999999889e-01
2.404692307692307685e-01
2.365636363636363648e-01
2.231910447761193961e-01
1.976588235294117757e-01
1.879739130434782690e-01
1.832428571428571518e-01
1.714718309859154799e-01
1.777666666666666562e-01
1.701328767123287677e-01
1.671756756756756779e-01
1.703000000000000069e-01
1.609105263157894761e-01
1.719116883116883210e-01
1.741076923076922967e-01
1.590025316455696280e-01
1.615999999999999936e-01
1.560037037037037000e-01
1.573170731707317083e-01
1.538433734939758935e-01
1.540857142857142981e-01
1.530470588235294249e-01
1.515302325581395215e-01
1.485379310344827619e-01
1.602727272727272612e-01
1.547370786516854002e-01
1.470333333333333214e-01
1.452637362637362595e-01
1.459304347826086978e-01
1.444354838709677458e-01
1.432808510638297894e-01
1.439684210526315788e-01
1.444000000000000006e-01
1.345773195876288630e-01
1.250020408163265428e-01
1.354757575757575827e-01
1.431999999999999940e-01
1.339762376237623731e-01
1.365058823529411713e-01
1.206902912621359292e-01
1.212307692307692253e-01
1.196285714285714313e-01
1.221849056603773603e-01
1.190009345794392492e-01
1.235777777777777725e-01
1.200165137614678940e-01
1.155181818181818115e-01
1.120837837837837803e-01
1.189142857142857085e-01
1.211106194690265425e-01
1.119736842105263225e-01
1.053043478260869553e-01
1.050793103448275922e-01
1.081717948717948741e-01
1.069101694915254169e-01
1.092193277310924415e-01
1.067000000000000032e-01
1.095528925619834726e-01
1.065786885245901677e-01
1.117780487804878042e-01
1.161516129032258010e-01
1.047000000000000014e-01
1.010238095238095296e-01
1.014236220472440886e-01
1.105000000000000010e-01
1.078534883720930204e-01
1.064846153846153859e-01
9.959389312977098840e-02
1.027818181818181825e-01
1.095488721804511317e-01
9.819552238805970279e-02
9.342222222222222594e-02
9.502941176470587614e-02
8.931751824817518726e-02
9.248695652173913317e-02
9.413812949640287808e-02
nan
