9.649602540860087799e-03
7.258623437701316886e-04
-8.669816759624154878e-02
-7.639474308599574111e-03
-5.749310679966583570e-02
-1.161175165975691925e-05
-3.220361456269529160e-02
-6.698746248587780783e-02
-3.116211055672124704e-03
-3.064699268165043192e-02
-7.246651398578933534e-02
1.962585831498699779e-02
-4.920726504528829572e-03
2.817358716070884894e-02
3.620930904515205079e-02
2.400879859662950408e-02
-1.809449956458138165e-02
-2.917835659122715655e-02
-3.947462876327563139e-03
1.146306382327111307e-03
-1.974474132446438560e-02
4.971574987314398078e-03
2.020166186818812479e-02
-6.062816044097871573e-03
-7.007867086672944952e-03
-1.784647426305241424e-02
5.465913829644932810e-03
-1.874973265215203189e-02
-8.360585611151237495e-03
9.901258017329724048e-03
-4.891144347263377823e-02
-8.679056668827513088e-02
-3.079246645479088301e-02
1.847124379187221194e-02
4.871661374357927690e-03
8.296202403541315731e-03
-8.243431439483402123e-02
2.946577203001538720e-02
-2.558018670492970270e-02
-7.705422439226481540e-03
-3.582209612868837018e-02
3.222257071035528747e-02
2.114242168549139780e-02
-7.907912032877106867e-03
2.398391713444254780e-02
-5.324308969193225494e-03
4.204283493897946478e-03
-4.289515713402806962e-02
-8.934311241524710290e-03
-1.986569679394563012e-02
1.448383915905196787e-02
1.706306452108606250e-02
-7.213189757320606459e-03
1.924285087973203129e-03
-1.711474723399533139e-03
1.027882525155575898e-02
8.724721676888407690e-03
-5.763706080583688544e-03
1.147276030995954092e-03
1.228156897036569804e-03
4.014856484103120071e-02
2.001591624892569074e-02
-4.680651645562420443e-02
-8.405468573569123761e-03
7.480471612814312832e-02
-2.946692710228148923e-02
-4.064621966845720705e-03
1.250906809199022959e-02
7.533382408278725857e-03
-1.721603400690753516e-02
1.929483661129836533e-02
-3.229300051524205961e-02
1.071693330564244262e-01
-5.856025276782475357e-03
6.691015325330340602e-03
-2.337284217258684196e-02
-3.755128429671117374e-02
-4.939192888021921163e-02
1.856296483075085130e-02
-9.300714396346734802e-03
1.749828741770317053e-01
1.546427704083498667e-02
-2.138503839691452413e-02
6.886015500411417703e-03
-6.608799705132013813e-02
-2.213243616229078684e-02
1.801373803417789105e-02
6.270060023493328853e-03
1.353159024929937067e-02
-1.301080124097893538e-02
6.288982875652208981e-03
-1.735868372622121486e-02
3.283440470706864428e-03
-2.079655041303112711e-02
1.304196136787140817e-02
6.431204320668371111e-02
-1.036893372976919678e-02
-1.201867451746636492e-02
-5.570468750815393659e-03
5.404491342108940638e-02
8.405023692375834582e-04
8.141201772051544910e-03
3.840312336267971000e-02
-1.784604061146524007e-02
-5.428524314069704815e-03
-4.498280768722793220e-03
-1.763395336028907023e-02
-8.450607040548901994e-02
2.779618208430406287e-02
-2.184989925461991445e-02
-7.407982053856585446e-03
3.385049236101508874e-02
-3.083430805942100408e-02
-3.149739177420201458e-02
-6.693742388401119348e-02
1.263213654373203203e-03
-4.248809415173582021e-04
1.649337937207462704e-02
1.851766037382503866e-02
-8.227996178990224993e-03
6.878935965090704485e-03
-5.411892747104388862e-02
-8.289607694701999971e-03
1.552469020570219904e-01
2.284310871297407300e-02
1.463082910978187080e-02
-1.363195095653509277e-02
-6.762424585164125874e-03
6.131271733179914987e-03
-3.423699340949894893e-02
1.218833986422737312e-02
3.163346540904513060e-02
1.869924248275879261e-02
3.105777296788915162e-02
-1.817006749991264755e-02
9.371021181721062021e-03
-3.912997227687355604e-03
-5.400320976415628332e-02
