1.064610442608000113e-02
-1.229082275890846197e-02
-1.791713379450356886e-02
-2.744525605353260317e-02
-4.097676773765954183e-02
-1.447654311922404353e-02
-2.822429570580141031e-02
-1.983076858113235960e-02
-6.339901934063277289e-02
-4.715301557668567789e-02
-4.369698881916747601e-02
1.121081809960196574e-01
2.067260675940133310e-02
-2.814043462007475779e-02
2.192343951116981695e-04
2.053689669536425035e-03
-2.443681548008157581e-02
-7.463435079133773353e-02
-6.867255387551039758e-02
-2.809723420692307461e-02
-2.230844443391106352e-02
2.298077855366159258e-02
5.752389900441130625e-03
-2.487215834573930709e-02
6.091919758173389848e-03
1.961961064785214259e-02
-3.279056110796773477e-02
-1.174425755548725268e-02
-8.860001897446637131e-03
-1.234866988366775317e-02
-4.538769668271925434e-02
-6.095301238000672833e-02
8.842112643651490024e-04
-1.350423660564786105e-02
-1.115982646733053307e-02
1.473769312817125796e-02
2.876272720248607487e-02
-1.810915240475026097e-02
-3.229860862318559983e-02
-1.960670149505062965e-02
-9.253850955817597909e-03
2.118446679463204321e-02
-7.185428120892310699e-02
-2.355635941072762446e-02
1.746755549358681645e-02
-1.598578307281627378e-02
3.485991306703226534e-03
-1.119047890114643375e-02
-7.803693214718236681e-02
-2.968418895115519304e-02
-5.148849483091680335e-02
3.031356901037042875e-02
-4.386911395793617607e-02
-3.388670590844526653e-02
6.670247525009244394e-02
1.482857684713621838e-02
-2.651305749032871820e-02
2.067668193222289147e-02
-1.436493641854610752e-02
6.441636684418768077e-02
-1.633654431381614900e-03
4.483639480723821541e-02
3.983912432130812142e+00
3.583044878462942479e-02
7.887425477481429387e-03
-2.682187037011317388e-02
2.859599784413830934e-02
-1.361297781654684583e-02
-5.117286227426347950e-02
-7.386471738788031975e-03
-3.748332934594032079e-02
-2.674568150929758359e-02
-1.018431307395530885e-03
-2.748601366441789581e-02
-5.433756285958565857e-02
1.160104877715184514e-03
6.267393161793961484e-03
-2.142515035383894470e-02
4.547245574788916916e-02
-3.668690493263966623e-02
-6.037343198526855248e-02
-2.742936293019624869e-02
1.914900038187738671e-02
-2.181589572887560405e-02
4.111031488137768808e-02
-4.385938550884986575e-02
-4.498454613690228143e-02
2.102465925464002891e-02
5.588115971931984166e-04
1.514154818562928918e-02
-6.629183937168135754e-02
-2.589304377119901884e-02
1.921430937725858781e-02
2.019252563447821586e-02
1.347446295008580819e-02
2.426759424955719086e-02
-1.688811472283759801e-02
-8.952480326097429081e-03
8.054850217173453383e-03
-1.350060597931701479e-03
6.202821784049774613e-03
-3.178664694383201428e-02
-4.073698593942936229e-03
-1.152745621124609023e-02
-1.331053035705565511e-02
3.974927596480484077e-02
-4.212643857634816580e-02
