nan
nan
nan
nan
nan
8.286430623371277004e-02
3.212804831218341040e-02
2.264791694447876313e-02
7.626246916761192374e-02
1.276372276279847950e-01
9.948070529930719275e-02
3.640713561952405586e-01
4.198355905132178378e-01
4.289164103531862837e-01
4.794011894992681322e-01
4.580869889403080819e-01
3.757349434474870353e-01
5.727242816012240167e-01
5.276100112589779956e-01
4.913801381004061497e-01
5.211019165235541983e-01
6.500700115286056624e-01
6.847265167630431915e-01
7.262485600349748438e-01
6.587051670681783877e-01
6.705294954136723495e-01
6.344223498409424788e-01
6.999843762035179440e-01
7.407551865537884694e-01
7.967788971721883051e-01
8.743052269263538179e-01
8.040931103931161505e-01
7.983958023617819810e-01
8.329198992324087225e-01
8.955969230756659627e-01
9.249942259198066230e-01
8.773699411481196142e-01
9.281566707471454736e-01
8.905346282469613906e-01
9.454861717454517978e-01
8.846789196512638842e-01
8.962449511519448020e-01
9.309009068860977232e-01
9.412946136900988137e-01
8.911365856061104207e-01
7.656558193867903928e-01
7.382269609252096743e-01
6.611696626066185800e-01
5.677928347756930894e-01
6.872123172924589074e-01
8.093200883732892814e-01
7.694610503758274600e-01
9.331042501575382841e-01
9.252887148036690323e-01
9.549451639124806324e-01
8.151194906190469824e-01
8.965301105110934365e-01
9.540053010436607694e-01
9.628109188230556947e-01
9.016092785778693219e-01
9.328546332309285427e-01
7.429949972368985467e-01
9.620994568270351266e-01
9.818782326652587544e-01
9.743226610574182711e-01
9.884125611642088360e-01
8.402177140729010230e-01
9.539881082597839734e-01
9.148632187269936100e-01
7.680657358907206911e-01
9.424604402212400922e-01
8.409832746409664495e-01
7.388933956096603861e-01
8.826893784658250697e-01
7.826625940427104355e-01
7.349045796462125857e-01
5.544865839812516128e-01
5.996484555052523646e-01
3.753366987577688718e-01
6.008037293937935619e-01
4.723943763620865877e-01
3.691343031576765910e-01
6.000895069167813123e-01
4.722333382829939641e-01
5.175411287260344162e-01
5.550179176216704091e-01
3.330232506993765496e-01
4.030502652844786260e-01
2.412938361209830962e-01
4.831470993046171891e-01
4.637906945705402295e-01
4.769906900359593971e-01
4.468539186681578235e-01
4.045206690430874774e-01
3.503269432713352893e-01
3.033525290531812191e-01
3.611202261658262858e-01
3.014608787574419857e-01
1.998607454132901307e-01
1.843183427862934431e-01
8.703371480543220517e-02
9.254528116850424535e-02
5.279301322549634357e-02
5.864735182175362382e-02
3.918432507846469903e-02
5.348438050832537982e-02
2.332039653466777551e-02
1.870602148293920575e-02
1.831919888206878788e-02
1.574675450098184104e-02
1.474103424400352580e-02
6.123237378746315684e-03
6.589490646045415012e-03
2.812648849615739799e-03
2.017240457099389594e-03
4.843644069920771678e-03
1.201298438130660173e-03
2.746961602851927253e-03
2.147617848941463237e-03
1.808867762013388614e-03
2.196613789242962689e-03
4.063364142546710411e-03
5.145874146902706947e-03
nan
