2.114600565599000959e+01
1.885178492827542129e+01
9.122081444245644377e+00
5.035383432706630913e+00
2.277254725050431006e+01
3.657727209824395942e+01
3.181471509970228695e+01
1.399467060001253138e+01
7.050387711456137296e+00
1.948583649677694396e+01
3.522653656534836131e+01
1.134148925004099162e+01
3.868781480485832702e+01
4.299360636991576001e+00
3.812235398440348888e+01
3.306260490541055219e+01
2.804115680601315930e+01
1.367792146766880634e+01
2.114865328194674987e+01
2.464968627133324119e+01
9.410099701038060260e+00
2.372881842716490297e+01
1.181359507436654077e+01
2.813259464341317084e+01
1.588299462673706586e+01
3.227935407749730246e+01
1.329281677694817532e+01
2.467672003991666685e+01
3.792473180748668682e+01
2.719081495866761600e+01
1.303817182867852154e+01
1.147865742833085179e+01
8.535182878571328402e+00
1.422516261899905565e+01
1.134157702689126879e+01
3.051649956636605054e+01
6.660595462845325443e+00
2.309896229262977840e+01
2.359872409032589147e+01
1.103876288035121789e+01
3.562673960155588304e+01
3.843397723845369995e+01
1.579351054445717040e+01
1.848909696963459126e+01
2.240101811726939829e+01
2.307252230684098038e+01
2.529756903184871675e+01
3.218361245064449605e+01
1.314071936768978865e+01
1.212627303034365944e+01
1.950873770668342289e+01
1.226817825164055975e+01
3.913136308464579827e+00
6.360365031731770813e+00
3.711995133968309935e-02
2.566440425039178308e+01
2.262931820790365123e+01
3.439422822081574793e+01
2.058894356054027952e+01
1.966991686880469103e+00
3.466189272627115514e+01
1.893841113298499934e+01
6.527311689688009011e+00
2.114461868782134957e+01
1.942199428013336515e+01
2.756397638611342060e+01
2.438787031941738093e+01
1.387130356922300045e+01
3.257745304948621623e+01
3.491233679480563978e+01
3.324784550568202235e+01
2.215184260044262032e+01
2.827811768123402558e+01
1.193676411427182238e+01
2.761302294567800431e+01
3.569938979026829173e+01
3.419728438535379667e+01
2.280489029945820789e+01
2.914372152431993968e+01
1.043036042002499642e+01
2.753170414879580719e+01
6.719531356347816953e+00
1.642365879858270006e+01
3.417928270346429542e+01
2.422599023545801700e+01
2.976883212539797086e+01
1.653531011926772010e+01
3.334418205480601927e+01
2.649520723647543008e+01
3.404080519187517950e+01
3.526721932927539882e+01
2.251564296756236061e+01
2.549089311557187187e+01
2.541284197657267185e+01
4.894554089551670373e+00
1.931755693087344028e+01
3.199676388913956870e+01
1.385721178006053655e+01
3.378115333508176121e+01
1.797335396015089515e+01
1.478428368555257144e+01
1.288458874132891196e+01
1.548483221370066332e+00
3.477161161001821199e+01
2.359457434416818344e+01
3.774083113933974687e+01
1.564509724640222643e+00
