-1.221723015536952062e+00
-2.406510403111257190e+01
-1.641507907984761161e+01
-8.865123442738635617e+00
-8.394659148663709658e+00
-1.600266559220034068e+01
-9.770249609131056445e+00
-2.518279505655622685e+01
-2.334845086869353992e+00
-2.854985546843582966e+00
-2.494653092688820450e+01
-2.128664663542498303e+01
-1.622288007604640114e+01
-1.051703737120519122e+01
-3.816535147525984328e+00
-2.243719618649345193e+01
-9.951056590694086879e+00
-1.018865968442506897e+01
-2.258861864176951073e+01
-2.155950923584665802e+01
-1.555503451291033201e+01
-5.014839562923475214e+00
-1.727253743230440008e+00
-2.376875932682143144e+00
-1.585323038086015046e+00
-2.133753717516251314e+01
-1.424750512527289459e+00
-2.065741512224654741e+00
-6.281713423991881484e-01
-1.453878428167952208e+00
-2.557705132302730888e+00
-6.464097749007692073e+00
-1.711247738538361318e+01
-9.193209428423244844e+00
-8.675108495674521691e+00
-1.524117000843894232e+00
-2.032392812009396721e+01
-2.586860325372803970e+00
-2.259246999314116522e+01
-2.417146543158686711e+00
-8.434110235147414869e+00
-3.724594697963361511e+00
-2.262189752781912233e+01
-8.421816134041083757e+00
-8.514591772235942102e+00
-1.046215085980110615e+01
-3.003966014841006782e+00
-1.982813387858598375e+01
-1.446581364652127277e+01
-2.789298550122952136e+00
-2.236618861933973790e+01
-1.763029626224114210e+01
-1.314219427725744183e+00
-2.286987339412845444e+01
-1.170255113771734301e+01
-1.733277051180571959e+00
-1.262687636306702998e+00
-1.181354302610214901e+00
-1.768736798825224099e+01
-1.896207195031677983e+01
-1.345143510294700206e+01
-1.353539794674446739e+00
-1.051548614897653522e+01
-1.048868876400729633e+01
-3.952410569057983381e+00
-2.233554658968754936e+00
-2.451702105097288253e+00
-1.069750654712239069e+00
-2.064885096631281058e+00
-2.134940902121091000e+00
-1.886393329573433419e+00
-5.771828668204546986e+00
-1.313052307314008615e+01
-2.369814735988234489e+01
-2.919530122287717688e+00
-1.189464981899003604e+01
-1.199951146912678368e+01
-6.024308034252181088e+00
-2.410631159318873173e+00
-1.279689057690344356e+00
-2.034872497581435979e+01
-1.662957716132827457e+01
-5.175436767963407902e+00
-5.669275069663225253e+00
-1.820927289023589424e+01
-1.994661362628803047e+01
-1.562708744777189906e+00
-1.380813061155842902e+00
-8.532559640746715246e-01
-2.423322450553551377e+01
-1.061375874375091399e+00
-2.059248557315292416e+01
-1.895244362472189437e+01
-1.759256577063239391e+01
-3.417410283035888341e+00
-1.646298213910072761e+01
-6.889489803865336270e+00
-3.294553368671511606e+00
-5.502513526296340274e+00
-1.407973956051095499e+01
-1.333115288735003290e+01
-2.243579524661509339e+00
-1.674583713382936523e+01
-2.006668084044607170e+00
-8.702613975318698181e-01
-1.331393171043917079e+00
-1.075992355146505020e+01
-1.935485406986915180e+00
-1.677450769492292437e+01
-1.781452887352095971e+01
-2.158154417157737370e+00
-1.683321396851181362e+01
-1.521721054853626853e+00
-2.360847490320221809e+01
-1.810100923345374468e+01
-1.996285279909764654e+01
-1.339894130955432061e+01
-2.103456798737402877e+00
-1.219093376919262894e+00
-7.609967589814839783e+00
-1.326747944317414252e+01
-2.131074129023496511e+01
-5.930295742195655251e+00
-1.529607301671806852e+01
-5.000407229147537436e+00
-1.471516637664017324e+01
-9.681099714326450112e+00
-4.791633225216745728e+00
-7.898891332420738820e-01
-4.298818901477652332e+00
-1.504295070714281479e+01
-2.014944510852777171e+01
-3.253478430930053733e+00
-2.253285036395723395e+01
-2.035021606882394707e+01
-8.993939226636992856e+00
-1.843780036206474904e+00
-1.682678403887615204e+01
