6.493082501179644694e+00
2.257201406456890425e+01
1.140514564513987850e+01
1.368651102050777801e+01
2.363694460483394266e+01
2.716489441853738285e+01
2.663334913700939666e+01
1.060180510809684407e+01
2.600480238061390281e+01
2.346492199527628131e+01
3.137749355802128548e+01
2.850714816587348821e+01
2.089089236818225004e+01
3.286357756563374721e+01
3.046861866451935441e+01
3.414269689200799007e+01
1.788254058475997610e+01
3.615158038321636269e+01
4.473430947549086767e+00
1.543611341426189654e+01
2.301350841057484331e+01
3.361820565780931247e+01
2.883379039374734276e+01
1.642138345166971902e+01
5.373854737222893085e+00
2.552779061640108438e+01
3.521956846077422654e+01
3.963351381529825801e+01
3.894851101139418148e+01
3.340314513631772542e+01
1.182581202383206431e+01
3.195456093118567509e+01
1.588627583090175399e+01
2.270655629662088160e+01
1.909812344233449721e+01
3.358067240090889527e+01
2.303700546728293830e+00
3.407156196781490110e+01
1.450775838481374080e+01
4.148313723082835303e+00
2.042169311401117326e+01
2.866424526617461055e+01
2.781052005246434788e+01
1.652277303347117154e+01
2.997959794467448091e+01
7.515853879726188680e+00
5.831456150719754206e+00
2.315757642679260897e+01
1.169126795068111768e+01
1.128590696976354479e+01
2.853134041823169653e+01
3.714183379110656347e+01
3.818137087189486323e+01
2.024610845813919013e+01
3.847508464274476125e+01
2.411755506407741123e+01
3.479303490116977571e+01
3.778692764253237613e+01
9.507352239748463774e+00
3.082357752543673257e+01
3.327256030688251087e+01
3.062010886718389102e+01
8.103494562553015257e+00
7.929046957722794886e+00
3.446029568526565612e+00
1.072076714625850080e+01
2.691754085797695240e+01
3.482505488902562263e+01
2.424997045053509126e+01
3.481632296776362523e+01
3.323478835720224112e+01
2.136180605589410320e+01
7.100184583731164345e+00
2.059521330461222988e+01
1.521908165658494738e+01
1.798926247082755481e+01
1.275605882045506156e+01
1.058096963539924040e+01
4.143785077326024080e+00
1.096660207173318469e+01
2.711460705514755176e+01
3.102584504539779076e+01
2.815762501443866128e+01
3.648910676115023222e+01
4.588662293924102187e+00
3.833557732782244187e+01
3.571219994491163163e+01
3.428282567250791857e+01
1.920968049303810332e+01
9.060134472483360568e+00
3.593057725668280256e+01
2.093837312968965136e+01
2.574968728142849272e+01
3.570583829505181228e+01
3.912853165859051074e+00
-1.405705855615741484e+02
1.715594465894714915e+01
7.960208431477913571e+00
3.804189142124525347e+01
-1.568475878226837210e+02
1.461483748291668228e+01
3.827659627535238940e+01
7.526450604611031991e+00
3.806471411366499780e+01
2.916340133177195071e+01
1.072761515370429919e+01
1.193316472159843933e+01
5.187271568645723363e+00
9.742390196338028829e+00
2.100165430177042225e+01
2.627880811727802879e+01
9.397769207757747267e+00
9.664119043833075295e+00
1.594705423891349128e+01
3.102213391027412115e+01
3.628334575593083855e+01
2.132737678159874051e+01
3.637753357491745732e+01
3.052966280960308154e+01
1.805010498662640828e+01
3.363961504435630445e+01
2.812750590498381698e+01
1.585407004486977378e+01
2.858099883686872289e+00
1.853901084105594421e+01
3.647253655439627096e+01
3.103155950180420675e+00
1.697809330750620660e+01
3.725361438711936302e+01
4.230568197063099944e+00
2.027789949738426856e+01
2.724576961884579163e+01
4.076063003632281578e+00
3.908328636952675339e+01
3.546854978424391192e+01
3.296776850825806804e+01
3.239298645031984591e+01
6.855901005252380997e+00
