-2.601736960690243516e-01
9.123133730106587624e-02
-5.615650931440995669e-02
-1.271153089927111110e-02
8.080200501619401454e-02
5.359493659068334526e-02
-1.492698309171510140e-01
1.378611039195675458e-01
4.041706920989895230e-02
-4.308859217320957363e-02
9.638979995780800475e-03
-1.351112121134349364e-01
-7.256929220982556716e-02
8.043443995449933714e-02
-1.128379001852863363e-02
1.030042849203937315e-02
1.378421994694008397e-02
-1.513590848297337865e-01
-4.550684510685926165e-02
-1.291278355515226017e-01
1.251217120594083076e-01
-6.084697871110392869e-02
-3.295720579813600504e-02
-5.622000221819689397e-04
2.575978218209229453e-02
-6.406979423893745251e-02
1.966854074851198675e-01
8.450201926176532236e-03
-1.192396584822722622e-01
-4.965485264543872262e-02
1.345907864163109480e-03
-1.324459004077641611e-01
-1.335565571687538922e-01
7.847322149625029705e-03
-7.482193848395340963e-02
-1.877804133431027478e-01
-1.280293347145652627e-01
-1.426325049053053795e-01
2.735833423880649345e-03
6.657019697885174780e-02
-6.406458447337058659e-02
1.247110692416413258e-01
-6.761519233085596658e-01
2.001161714118347978e-01
1.469403101973830450e-01
-1.383056873056023039e-01
1.468859640904861541e-01
-9.307417407004776877e-02
-6.866852575200255160e-03
1.615619680085274117e-03
7.711728815963397876e-02
6.852313234121083785e-02
-1.447866788780413638e-01
9.401019345218174228e-02
-3.393294490615403336e-02
-3.889923562800277207e-02
-2.271182090068180059e-01
5.735572878548373943e-01
6.999449407741394069e-02
5.587789390688157731e-04
-1.326022831449120143e-01
-3.930975586717977421e-02
-6.213594280350775989e-02
1.321355045303857778e-01
-1.321986761995788129e-01
-2.999846310762461776e-01
2.356765481964248343e-01
-1.177911729277616310e-01
8.776949499082112305e-02
-7.238271683486800778e-02
-2.820355347090981041e-02
5.077837008774622324e-02
-1.155736058015338630e-01
-1.459300585221342261e-01
-2.151715375412061315e-01
-4.162594369072735584e-02
7.913339081994763546e-03
-5.666709709418227964e-02
-6.951032273756255209e-02
-1.451548403096938888e-01
6.876496065622177134e-03
1.370347608210522629e-02
-5.504945833039721625e-01
-6.330086315713515099e-02
1.430274433515358190e+01
8.499337872428554264e-02
1.304295982597295789e-01
1.327804251324778313e-02
-5.519845115827592963e-02
-5.176606200875539555e-03
1.102757370573829165e-01
1.231346289483394724e-01
1.765275583183336106e-01
6.755854034702860611e-01
-6.355791166719654273e-02
1.321631317301455444e-01
-5.715579827524266271e-02
-8.003604136699571381e-02
2.378497655786304579e-04
-6.072361901507406651e-02
-2.133149793381528547e-01
-3.703646179025088525e-01
-5.761809552412160140e-02
-2.735320155999064213e-03
-5.510770182976443970e-02
8.550191261451231539e-02
-6.054156204338141667e-02
-6.317868545474505382e-01
2.082063923813962103e-02
3.211882768212888095e-01
-1.445569219555761786e-01
