-1.629790352661166253e+01
-2.277627461866698511e+01
-1.211558691356560402e+01
-3.151213974347182756e+00
-1.486476275324217511e+01
-8.985638893829065665e+00
-7.879685596046375196e+00
-1.966112922005864405e+00
-1.635425737954364678e+01
-1.423764965976038965e+00
-3.977436601963542984e+00
-7.721997224268879023e+00
-3.069366397874608410e+00
-2.401222849204924970e+01
-1.879994805807473313e+01
-2.521501755224673857e+01
-1.984933443996108338e+01
-1.360884971732386717e+01
-6.738638530024060103e+00
-1.596244628666942589e+01
-9.803934367224862001e+00
-1.835091069224454330e+01
-9.312447292620959161e+00
-1.089437400516898791e+01
-6.717442269537235333e+00
-1.559365157184850048e+01
-2.063332173784625923e+01
-2.414211671993913555e+01
-4.963307013805208001e+00
-1.523667464693082607e+01
-1.736744127232551449e+01
-1.801621757074551411e+00
-2.653769438387486801e+00
-4.780241509552906720e+00
-2.516496850051902712e+00
-2.421934606609746155e+01
-2.374116494003983391e+01
-2.119365942166177064e+01
-1.483916421418539855e+00
-1.431641276687778230e+01
-4.041127510243072152e+00
-3.104401805716321405e+00
-1.344928835283002755e+01
-5.953565030567228078e+00
-8.175097802479307063e+00
-2.043572161131213250e+01
-2.328778142146598640e+01
-1.560871017129838378e+01
-1.654718986381389456e+01
-7.065820582243235393e+00
-2.868425763268195539e+00
-2.244044264768917429e+01
-5.424247208782903229e+00
-1.094086931686302933e+01
-1.974752626539365963e+01
-2.342950908929381271e+01
-1.947364090100567324e+00
-1.019062382866489713e+01
-1.884829775064303803e+01
-2.115687860791733499e+01
-1.423018830888942432e+01
-1.389623853368506801e+00
-1.412038620235145459e+01
-1.695776408454337414e+00
-4.028166854223645288e+00
-1.191157785104202205e+01
-1.684033496326258117e+01
-1.672283967222725209e+00
-1.536472321283646636e+01
-1.768351722417816774e+01
-7.801632018494906617e+00
-5.584785438395899249e+00
-2.494431594581978473e+01
-1.831441931174664361e+01
-2.487692500724181244e+01
-2.985707140895932810e+00
-1.651167606204722915e+00
-4.195113828017067448e+00
-2.293376169797227249e+00
-1.245147656237316269e+01
-4.921855231767906957e+00
-2.044728882268218584e+01
-1.166788962338359426e+01
-7.955830910784268184e+00
-4.719015026633659460e+00
-1.652369461227274527e+01
-8.447581652207247771e+00
-1.910545877316446806e+01
-3.163970140217744031e+00
-7.187950718582415632e+00
-1.715143339875913497e+00
-5.356105300188543694e+00
-1.508241502677401513e+01
-1.405861478640965245e+01
-1.389891634210847471e+01
-5.076662271080028432e+00
-4.611869481092291778e+00
-9.781505001037562153e+00
-1.627598059487316817e+01
-1.355179835005943900e+01
