nan
nan
nan
nan
nan
5.708588179863929302e-01
5.065240134271786765e-01
5.495704805823555805e-01
6.365051075986949414e-01
4.601029813666778212e-01
3.142578375833967597e-01
2.154413091913361944e-01
1.400086524206336502e-01
1.006538144069384355e-01
8.778441846693230133e-02
7.768486021601650471e-02
7.528117397320754911e-02
4.327312834053309576e-02
1.148503116560442017e-01
8.501632264167457986e-02
4.901069918641465240e-02
5.100143220859520987e-02
4.090222584401603800e-02
4.446787258604878446e-02
2.266783928971072282e-02
2.105865491376746057e-02
1.437246415151605117e-02
1.347912114538796224e-02
1.040608747767035602e-02
1.460458603137648748e-02
6.377447278183789869e-03
3.691559833756130615e-03
9.445037716555026996e-03
1.182674666963079435e-02
8.264059522400279967e-03
5.033229924170434799e-03
5.448848829178065678e-03
7.534935077527338265e-03
4.035006512988048577e-03
5.928786760636017839e-03
3.365269602203180277e-03
3.882692343657456746e-03
3.706592966518873489e-03
2.060517920021376348e-03
2.123344766258750127e-03
1.996692860011251014e-03
1.823709897085912246e-03
1.283836019601913847e-03
8.723011942681768716e-04
8.247965054113404193e-04
1.092737917638642031e-03
1.046311656005438628e-03
8.589975796841065048e-04
3.258398267213635791e-03
2.254464416741153165e-03
1.193494948414919321e-03
2.408704485607593426e-03
1.570745080802904425e-03
1.168679282838813727e-03
1.933532911401081300e-03
2.977659115857678174e-03
6.904686631594159074e-03
6.168380826296226971e-03
5.229827882030968489e-03
5.904607674987127908e-03
3.184351591405620852e-03
5.146977625178794646e-03
3.016909964406289113e-03
7.354137302172047974e-03
2.567064726251788720e-03
3.385397566435854877e-03
5.658680703186980132e-03
4.073294822618866995e-03
4.886149255488914100e-03
4.191527683755857936e-03
4.928123525328231835e-03
3.094435077550361513e-03
4.065489602245064837e-03
3.775462260171114082e-03
5.092129256496380485e-03
4.937090445701786123e-03
3.044513553903338554e-03
2.448126297124875173e-03
2.522072806768305142e-03
2.760948542353203194e-03
1.324737358738503623e-03
4.694251577300967426e-03
2.092749521231618282e-03
1.757358627248795102e-03
1.133304329169693148e-03
1.224813885783881950e-03
4.432456331269207794e-04
6.730248521408244144e-04
1.098751854887836110e-03
7.357952522029087561e-04
3.266166816653370830e-04
6.080430061866648472e-04
2.844797466637905003e-04
2.215610754097152579e-04
3.759471956201743126e-04
1.909266910452567245e-04
6.091860362533729756e-05
9.568597258224897928e-05
1.504580193182336600e-04
1.448356603962475120e-04
1.162440912090278999e-04
4.728616828353349177e-05
6.101113131873336926e-05
5.293209436518786504e-05
3.586522484633203334e-05
nan
