-1.644864313868765748e-01
-2.804824338873095346e-01
-4.765702866732681175e-01
1.243880153400104410e-01
-1.709215812757338415e-01
9.962829369727982387e-02
-1.750157297881173649e-02
-4.272247565384367229e-01
-6.428582842809390518e-01
-2.236717332728437591e-01
4.422327001718031475e-02
-2.576475763832428156e-01
-8.472866976103433229e-03
-3.251899228738460712e-01
1.123466280305410736e-01
5.613378417928174824e-02
-8.900912854859484302e-02
-5.118802720312669585e-01
-1.123081712357247852e-01
-3.248788749031973622e-02
1.531732591198414206e-01
-1.565110340647936360e-01
-2.938761119835794355e-01
2.563927769661893397e-01
-4.126544516914617544e-01
2.329863373455566544e-01
-4.760971351001092033e-01
-8.958914490070242487e-02
2.357076632718599352e-01
-1.609649912233714897e-01
-1.497209902861789121e-01
-7.976837136452957777e-02
-3.695194893581117412e-01
-4.880819502398594731e-03
-2.915490425727390034e-01
4.560583005556623215e-02
1.488180025441872001e-01
-4.658119378748483697e-01
5.811678855563059271e-02
-2.797449202985455852e-01
-3.070967941600201770e-02
6.916419073226734437e-02
-9.019926722047216794e-02
-5.147953852504497663e-01
-8.486804310323577127e-02
-1.365296857352916449e-01
-9.296196919142631077e-02
-1.888241019037650500e-02
-8.392418185912253747e-01
-1.582156674494740456e-01
-4.446794621937055769e-01
2.926613653599895448e-01
-1.037116764951704767e-01
-8.815062560703182393e-02
-6.129696746539196051e-01
6.936330299195787863e-02
-1.606674873221254629e-01
1.335852744584212770e-01
-2.209389781027243649e-01
-1.977700206767709634e-01
1.287947943444351095e-01
-3.086090672260796350e-02
2.246773856329981456e+01
-1.588418136271866343e-01
-1.709730802479202671e-01
-2.965693366886057447e-02
3.236295238424304749e-02
-1.366965736996235241e-03
1.888042658483766456e-01
4.872006399828251316e-02
1.948625410101237909e-01
-8.631238419407281925e-02
-9.654954041526479791e-02
-2.407374201875495667e-01
1.143187838536243867e-01
1.612154445503779232e-01
2.805018710164404114e-03
-8.371134138860383822e-02
-5.035035946926882597e-03
-3.255545992627935648e-01
1.731316828163926291e-01
-2.373894739126791442e-01
-3.362101875642036775e-01
-6.358143256788934862e-03
-6.252633552091196867e-02
-2.074373745617185683e-01
1.436122339782872348e-01
2.798689708782717278e-01
5.336103485004741603e-02
-1.402475281585725542e-01
1.148776632925205404e-01
-9.969836851581248549e-02
3.152226123985974460e-01
1.570275762721405621e-01
5.437693513000942946e-01
-1.465815441052808477e-01
1.877317119761607866e-01
-4.052281253742961442e-01
8.305446077123405935e-03
-1.534222374878993489e-01
5.552337146751028935e-02
-1.121659133681907894e-01
1.566745979693838220e-01
3.765118479439024529e-03
-3.280413863724447876e-01
-4.338650031938413865e-02
1.895977835078438978e-01
