2.100000000000000089e+00
6.433333333333333570e+00
9.216666666666666785e+00
1.728333333333333499e+01
2.126666666666666572e+01
2.664999999999999858e+01
2.988333333333333286e+01
3.723333333333333428e+01
4.193333333333333002e+01
4.538333333333333286e+01
4.985000000000000142e+01
5.370000000000000284e+01
5.714999999999999858e+01
6.353333333333333144e+01
6.475000000000000000e+01
6.928333333333333144e+01
7.770000000000000284e+01
8.121666666666666856e+01
8.696666666666666856e+01
9.756666666666666288e+01
1.032166666666666686e+02
1.059500000000000028e+02
1.091166666666666600e+02
1.166666666666666714e+02
1.180499999999999972e+02
1.230000000000000000e+02
1.271666666666666714e+02
1.299333333333333371e+02
1.358666666666666742e+02
1.426833333333333371e+02
1.488833333333333258e+02
1.536833333333333371e+02
1.584000000000000057e+02
1.661999999999999886e+02
1.726166666666666742e+02
1.762833333333333314e+02
1.832333333333333201e+02
1.879666666666666686e+02
1.948333333333333428e+02
1.999666666666666686e+02
2.027166666666666686e+02
2.075999999999999943e+02
2.126833333333333371e+02
2.185666666666666629e+02
2.224666666666666686e+02
2.275000000000000000e+02
2.289000000000000057e+02
2.334333333333333371e+02
2.388166666666666629e+02
2.433166666666666629e+02
2.461500000000000057e+02
2.522166666666666686e+02
2.568000000000000114e+02
2.623000000000000114e+02
2.664499999999999886e+02
2.669666666666666401e+02
2.710333333333333599e+02
2.745666666666666629e+02
2.784833333333333485e+02
2.810333333333333599e+02
2.852166666666666401e+02
2.887166666666666401e+02
2.909666666666666401e+02
2.949833333333333485e+02
2.994499999999999886e+02
3.013333333333333144e+02
3.046666666666666856e+02
3.076666666666666856e+02
3.095333333333333599e+02
3.138833333333333258e+02
3.171166666666666742e+02
3.209499999999999886e+02
3.241499999999999773e+02
3.291499999999999773e+02
3.331166666666666742e+02
3.395500000000000114e+02
3.449333333333333371e+02
3.512166666666666401e+02
3.562166666666666401e+02
3.625833333333333144e+02
3.683500000000000227e+02
3.739833333333333485e+02
3.763833333333333258e+02
3.821166666666666742e+02
3.881499999999999773e+02
3.929333333333333371e+02
3.950666666666666629e+02
3.957833333333333599e+02
4.015333333333333599e+02
4.035166666666666515e+02
4.056666666666666856e+02
4.085833333333333144e+02
4.119666666666666401e+02
4.161333333333333258e+02
4.195500000000000114e+02
4.232333333333333485e+02
4.267333333333333485e+02
4.293833333333333258e+02
4.348833333333333258e+02
4.373999999999999773e+02
4.392500000000000000e+02
4.441499999999999773e+02
4.481999999999999886e+02
4.522666666666666515e+02
4.547500000000000000e+02
4.596499999999999773e+02
4.630666666666666629e+02
4.660833333333333144e+02
4.712500000000000000e+02
4.744166666666666856e+02
4.766833333333333371e+02
4.830333333333333599e+02
4.866499999999999773e+02
4.896333333333333258e+02
4.956000000000000227e+02
5.025666666666666629e+02
5.078166666666666629e+02
5.105166666666666515e+02
5.163166666666667197e+02
5.221499999999999773e+02
5.267833333333333030e+02
5.293166666666667197e+02
5.347833333333333030e+02
5.370333333333333030e+02
5.412166666666666970e+02
5.502999999999999545e+02
5.537166666666666970e+02
5.572166666666666970e+02
5.617833333333333030e+02
5.662999999999999545e+02
5.700333333333333030e+02
5.763999999999999773e+02
5.809666666666666970e+02
5.847333333333333485e+02
5.898500000000000227e+02
5.954500000000000455e+02
5.993999999999999773e+02
6.031666666666666288e+02
6.073833333333333258e+02
6.124333333333332803e+02
6.171666666666666288e+02
6.213500000000000227e+02
6.254166666666666288e+02
6.295833333333333712e+02
6.310499999999999545e+02
6.355166666666666515e+02
6.391833333333332803e+02
6.443999999999999773e+02
6.483166666666667197e+02
6.518166666666667197e+02
6.564333333333332803e+02
6.622999999999999545e+02
6.676499999999999773e+02
6.703999999999999773e+02
6.747500000000000000e+02
6.867333333333333485e+02
6.893333333333333712e+02
6.920499999999999545e+02
6.959833333333333485e+02
