9.804309235921300214e-01
8.232736184884356101e-01
1.017484018767290666e+00
8.543967197807273983e-01
9.992395218320484496e-01
8.262267241700282927e-01
1.011346654180047100e+00
9.224931463801407938e-01
8.414419663055764387e-01
9.459626730758760038e-01
8.665365967971774275e-01
9.830392408419583727e-01
9.486248119554988589e-01
8.275789632783721039e-01
7.230808643073851627e-01
7.788843944818790721e-01
7.800831808072575813e-01
1.003626673754313359e+00
6.611293948639604956e-01
9.559721752461223243e-01
8.493371845352885030e-01
8.216816956493334656e-01
8.171431682772981597e-01
9.240215847138597560e-01
9.294250724499033556e-01
1.049746534889973271e+00
9.681757594235068654e-01
8.359599207894712336e-01
8.886236363704642649e-01
8.400173505198744728e-01
8.734324930766683703e-01
1.037872696158317565e+00
7.664283995286563789e-01
1.029152977070898478e+00
9.418546487916182874e-01
5.541379436418583104e-01
7.883940078101272508e-01
8.506926283144775613e-01
9.581582687514788033e-01
8.224413947576613149e-01
1.008222581384282002e+00
9.557786763240346817e-01
8.707753630405568046e-01
8.216691733508127982e-01
6.892377877777061679e-01
8.986193149170458305e-01
7.291241852147755109e-01
8.040662408931279481e-01
7.972521316624920917e-01
8.950071667004317888e-01
7.382708613642648965e-01
8.008136708104279800e-01
1.008728606909826242e+00
9.609111732669225470e-01
7.506177782396799003e-01
8.313695186326844899e-01
8.281957419398235931e-01
1.076630258158681963e+00
8.157342218630878605e-01
1.030576857789471834e+00
1.019635496955279441e+00
9.328586367498519216e-01
7.659784317214143323e-01
8.291813816969011430e-01
8.104957977484537057e-01
1.047442948400389540e+00
8.486304018973033214e-01
9.981056247019615135e-01
9.541018746219674940e-01
9.546749120691901958e-01
1.039204647596120523e+00
1.068535123394178665e+00
7.045863307409877541e-01
9.111221423445181600e-01
6.972995458309537709e-01
8.599677623975822138e-01
8.684847992932873684e-01
8.084486649982182138e-01
9.855147677271088869e-01
9.530113271713094303e-01
9.745034740577261934e-01
8.571702689256721630e-01
1.037071286024825012e+00
7.307700441945621517e-01
9.891487848225528623e-01
1.041839294578192021e+00
7.499040706608594009e-01
6.419067235768011193e-01
8.077878674106864221e-01
1.018452100202055233e+00
9.606536516984260921e-01
1.063514042207243548e+00
8.785623367059406386e-01
8.395967860103610292e-01
9.331355009832281722e-01
8.566854424473672180e-01
9.485623922172703448e-01
9.774687056007178576e-01
9.448663197209589137e-01
8.360740209110372190e-01
