5.700000000000000178e+00
1.118333333333333357e+01
1.743333333333333357e+01
2.123333333333333428e+01
2.576666666666666572e+01
3.018333333333333357e+01
3.239999999999999858e+01
3.553333333333333144e+01
4.053333333333333144e+01
4.354999999999999716e+01
5.961666666666666714e+01
6.343333333333333002e+01
7.640000000000000568e+01
8.213333333333333997e+01
8.940000000000000568e+01
9.465000000000000568e+01
9.941666666666667140e+01
1.059166666666666714e+02
1.129166666666666714e+02
1.173333333333333286e+02
1.297833333333333314e+02
1.337166666666666686e+02
1.380999999999999943e+02
1.425500000000000114e+02
1.480500000000000114e+02
1.527833333333333314e+02
1.579166666666666572e+02
1.656166666666666742e+02
1.679000000000000057e+02
1.722166666666666686e+02
1.785333333333333314e+02
1.817500000000000000e+02
1.855666666666666629e+02
1.905833333333333428e+02
1.990333333333333314e+02
2.040000000000000000e+02
2.122166666666666686e+02
2.155999999999999943e+02
2.187500000000000000e+02
2.246333333333333258e+02
2.279333333333333371e+02
2.335999999999999943e+02
2.370999999999999943e+02
2.417166666666666686e+02
2.451666666666666572e+02
2.475666666666666629e+02
2.538666666666666742e+02
2.558333333333333428e+02
2.661666666666666856e+02
2.687833333333333599e+02
2.730000000000000000e+02
2.771000000000000227e+02
2.834499999999999886e+02
2.927166666666666401e+02
2.988666666666666742e+02
3.031166666666666742e+02
3.074833333333333485e+02
3.172333333333333485e+02
3.223000000000000114e+02
3.372833333333333599e+02
3.403000000000000114e+02
3.477500000000000000e+02
3.508833333333333258e+02
3.571166666666666742e+02
3.609666666666666401e+02
3.692666666666666515e+02
3.764666666666666401e+02
3.836666666666666856e+02
3.892666666666666515e+02
3.936833333333333371e+02
4.032500000000000000e+02
4.052333333333333485e+02
4.082666666666666515e+02
4.169499999999999886e+02
4.175500000000000114e+02
4.233166666666666629e+02
4.289166666666666856e+02
4.294499999999999886e+02
4.338666666666666742e+02
4.375833333333333144e+02
4.432666666666666515e+02
4.509499999999999886e+02
4.591333333333333258e+02
4.614666666666666401e+02
4.638000000000000114e+02
4.659166666666666856e+02
4.751166666666666742e+02
4.779499999999999886e+02
4.798833333333333258e+02
4.801833333333333371e+02
4.867333333333333485e+02
4.873666666666666742e+02
4.892833333333333599e+02
4.928833333333333258e+02
5.025833333333333144e+02
5.029166666666666856e+02
5.035166666666666515e+02
5.182333333333333485e+02
5.336666666666666288e+02
5.340000000000000000e+02
5.342500000000000000e+02
5.383999999999999773e+02
5.458999999999999773e+02
5.480333333333333030e+02
5.598999999999999773e+02
5.633500000000000227e+02
5.756333333333333258e+02
5.788999999999999773e+02
5.809833333333333485e+02
5.832999999999999545e+02
5.878833333333333258e+02
5.911499999999999773e+02
5.935000000000000000e+02
5.989833333333333485e+02
6.022666666666666515e+02
6.075166666666666515e+02
6.125833333333333712e+02
6.206666666666666288e+02
6.218333333333333712e+02
6.256333333333333258e+02
6.290666666666667197e+02
6.384333333333332803e+02
6.411499999999999773e+02
6.504166666666666288e+02
6.518333333333333712e+02
6.611333333333333258e+02
6.677999999999999545e+02
6.712333333333333485e+02
6.728166666666667197e+02
6.816000000000000227e+02
6.955000000000000000e+02
7.059166666666666288e+02
7.093999999999999773e+02
7.244500000000000455e+02
7.251333333333333258e+02
7.297166666666666970e+02
7.311333333333333258e+02
7.546333333333333258e+02
