nan
nan
nan
nan
nan
4.022999999999999909e-01
3.567000000000000171e-01
2.843714285714285528e-01
2.631000000000000005e-01
2.324333333333333251e-01
1.932999999999999996e-01
1.736272727272727134e-01
1.865999999999999881e-01
1.798153846153846269e-01
2.154714285714285638e-01
2.413666666666666738e-01
2.354999999999999871e-01
2.446117647058823619e-01
2.568555555555555592e-01
2.712157894736841879e-01
2.810000000000000275e-01
2.348285714285714421e-01
2.421090909090909127e-01
2.307956521739130407e-01
2.160999999999999865e-01
2.157000000000000028e-01
2.291461538461538328e-01
2.359666666666666579e-01
2.321714285714285841e-01
2.222551724137931117e-01
2.336999999999999911e-01
2.471774193548387233e-01
2.346499999999999975e-01
2.402727272727272767e-01
2.348941176470588366e-01
2.258571428571428674e-01
2.328999999999999959e-01
2.253567567567567598e-01
1.793578947368421050e-01
1.690307692307692344e-01
1.676999999999999880e-01
1.589878048780487829e-01
1.549142857142857266e-01
1.558976744186046648e-01
1.538545454545454660e-01
nan
