nan
nan
nan
nan
nan
5.248000000000000442e-01
5.486333333333333062e-01
5.315428571428570947e-01
4.279000000000000026e-01
3.713888888888888795e-01
3.691999999999999726e-01
2.636999999999999900e-01
2.415666666666666795e-01
2.308538461538461595e-01
2.139714285714285624e-01
2.106333333333333391e-01
2.184999999999999998e-01
1.810764705882352832e-01
1.826444444444444426e-01
1.831684210526315915e-01
1.746000000000000052e-01
1.536809523809523903e-01
1.459454545454545449e-01
1.377217391304347838e-01
1.431333333333333346e-01
1.390000000000000124e-01
1.405384615384615288e-01
1.305629629629629640e-01
1.236857142857142877e-01
1.151172413793103422e-01
1.033666666666666623e-01
1.106419354838709679e-01
1.096499999999999975e-01
1.039969696969696988e-01
9.438823529411764779e-02
8.852857142857142869e-02
9.432222222222222396e-02
8.567297297297296610e-02
9.018421052631578338e-02
8.045897435897435279e-02
8.880000000000000393e-02
8.620975609756097169e-02
8.019047619047618702e-02
7.754418604651162894e-02
8.399090909090908830e-02
9.617777777777777870e-02
9.765217391304348293e-02
1.033659574468085152e-01
1.103666666666666685e-01
9.909795918367346468e-02
8.749999999999999445e-02
9.020980392156863203e-02
7.206923076923077431e-02
7.252830188679244838e-02
6.720740740740741015e-02
8.300909090909090737e-02
7.420000000000000207e-02
6.565614035087719014e-02
6.345862068965517355e-02
7.178135593220338895e-02
6.733333333333332837e-02
8.484262295081966554e-02
6.160000000000000198e-02
5.642698412698412408e-02
5.807500000000000162e-02
5.326923076923077011e-02
7.389393939393940069e-02
6.076119402985074441e-02
6.558235294117646663e-02
7.806811594202898996e-02
6.122857142857143081e-02
7.127323943661971473e-02
7.861111111111111771e-02
6.665068493150684559e-02
7.439999999999999392e-02
7.736666666666666692e-02
8.925789473684210551e-02
8.558051948051947910e-02
1.016410256410256452e-01
8.444556962025316638e-02
9.289999999999999647e-02
1.003098765432098721e-01
8.298048780487804477e-02
9.121686746987951733e-02
8.752380952380951762e-02
8.450588235294118067e-02
1.004651162790697744e-01
9.421609195402298742e-02
1.081454545454545446e-01
8.742247191011236207e-02
8.828888888888888897e-02
8.690439560439559841e-02
8.852608695652174065e-02
9.110215053763440207e-02
9.479361702127660216e-02
9.825263157894736921e-02
9.298333333333333450e-02
9.742474226804123671e-02
1.071755102040816282e-01
1.085444444444444434e-01
1.241000000000000020e-01
1.222386138613861389e-01
1.323843137254901992e-01
1.298194174757281438e-01
1.364538461538461478e-01
1.302904761904761788e-01
1.438943396226415039e-01
1.467607476635514052e-01
1.464259259259259316e-01
1.481128440366972498e-01
1.484636363636363532e-01
1.605414414414414459e-01
1.588285714285714301e-01
1.695274336283185967e-01
1.730403508771929943e-01
1.609695652173913083e-01
1.779172413793103369e-01
1.669854700854700724e-01
1.693762711864406911e-01
1.707915966386554518e-01
1.677333333333333454e-01
1.593033057851239720e-01
1.556032786885245822e-01
nan
