-1.122902973543604332e+01
-1.422303138689718693e+01
-1.987251144813014392e+01
-7.632990131763708774e+00
-3.536187099794647182e+00
-2.526197088831024828e+01
-2.939943136812313895e+00
-7.007279846382349575e+00
-7.683744096161724713e+00
-1.152356995292725017e+01
-1.886168169976144426e+01
-9.604319946170988942e+00
-1.254955376926413990e+01
-5.152434326188560121e+00
-1.119001882857097385e+01
-6.331903628325642686e+00
-2.054971801865276504e+01
-3.281506162207189448e+01
-2.095029770728810803e+00
-6.894809736565115088e+00
-3.271936818380499545e+00
-1.687025770968218907e+01
-2.623600522821443448e+01
-1.088816427995349301e+01
-6.089235521842114807e+00
-6.485124565447240030e+00
-1.187523316953406649e+01
-1.774592911483575008e+00
-7.867534634465396692e+00
-5.363075121711823101e+00
-9.706646008945295279e+00
-1.450832157338014738e+00
-1.335803146065095603e+01
-6.908951228672020051e+00
-1.242707773870588639e+01
-8.095413527668153364e+00
-8.922273735450662713e+00
-1.495507948426048017e+01
-1.347926339221365666e+01
-1.668101163197534120e+01
-8.049375234195697004e+00
-1.413047767078036188e+01
-1.263965484707504316e+01
-1.652731900726083225e+00
-5.369937832093372165e+00
-2.481186280938519673e+00
