5.047003879761382539e-01
4.045472676762278952e-01
2.210651746649341387e-01
3.023422665017301281e-01
4.312720679373183152e-01
3.734859983916385406e-01
2.888817013847119752e-01
2.637881015103494264e-01
2.909225946462538626e-01
4.336265402499588917e-01
1.192522062396346866e-01
2.700870265087110256e-01
4.893348186619891904e-01
4.596479613965561706e-01
2.916200829753620161e-01
3.188740897187221646e-01
2.990213028056518674e-01
3.132478661785330631e-01
4.062681313512439552e-01
3.163077231634656705e-01
3.232404732180452767e-01
4.455482957013237044e-01
2.528811719792474766e-01
2.820582800081729014e-01
3.383862510899257603e-01
3.790446353900802090e-01
3.206807814415787994e-01
2.810970284913492101e-01
2.773843438132189698e-01
3.528792606218098538e-01
2.530654576241947451e-01
4.357302787756702767e-01
2.320423039461252390e-01
2.708351012114212364e-01
1.586772824565146900e-01
4.720041875409446974e-01
3.159194893268659210e-01
2.775114542101823623e-01
2.669241822231901984e-01
3.488187409433885500e-01
2.736095357106705928e-01
3.662206722520977564e-01
2.278374553173375672e-01
4.673024272695897596e-01
2.904653194893899171e-01
5.003426784851058295e-01
