4.814271354097195421e-01
4.161396971705517145e-01
4.365880195534759811e-01
4.965947441606567980e-01
4.995278337444278849e-01
3.476719097140880677e-01
4.649223638632452027e-01
5.086129743036553741e-01
5.106210143666749524e-01
4.646982973844183129e-01
4.554846895427522302e-01
4.527285960103199502e-01
5.016622693919134957e-01
4.514113210069990445e-01
4.999026678698146320e-01
4.802979729783464768e-01
4.468996705316294338e-01
5.095773135885042215e-01
4.442579129349928935e-01
4.682551533204673544e-01
4.493418412261280803e-01
4.294464894362908791e-01
3.849926651233386288e-01
4.353483106665680946e-01
4.635251737949283579e-01
4.537718656014771978e-01
3.556931864177022562e-01
4.944890783464279682e-01
4.884022446419339913e-01
4.838494753399913972e-01
4.615756796481582658e-01
4.312023115894180747e-01
4.736660706390671272e-01
3.760830927697884629e-01
4.664639114986562363e-01
4.913320761903014477e-01
4.386695009307027271e-01
4.382298583668443603e-01
4.923500400727357507e-01
4.597403896146602387e-01
3.519100324651412981e-01
1.001051402382979738e+00
5.816044719679007713e-01
4.885558159656397947e-01
4.394465476996401998e-01
4.377441415420457727e-01
4.626144921075274197e-01
4.555825361235338322e-01
4.207037672523824545e-01
4.033340255328971558e-01
4.677604533312091917e-01
5.199998969007992855e-01
3.502552760586831737e-01
4.561683896124714144e-01
4.739967339215695463e-01
4.295283344860581498e-01
4.422687698187064420e-01
4.568985852599303232e-01
3.706975897536790576e-01
1.685219260077012615e+00
5.700035657208536444e-01
7.376218911081605656e-01
5.014718340952390996e-01
4.392955759902292812e-01
5.215973939706145535e-01
4.811756730226989243e-01
4.969402224533405188e-01
4.234158657689704452e-01
4.613022541368195784e-01
4.435420833599141854e-01
4.561068836966728490e-01
6.443637055624981125e-01
4.537031392286212661e-01
4.160119825094216184e-01
5.752565796574663493e-01
5.117143171892802878e-01
9.213551781201817503e-01
4.720724688181576201e-01
5.216101152896771564e-01
4.789338525002176383e-01
5.395021559549491030e-01
3.749646291089243078e-01
4.056619587995487497e-01
5.928565596984231023e-01
4.511666133889161712e-01
4.144061092054994178e-01
5.536744265919583130e-01
4.777907640739453843e-01
4.333586014004777165e-01
5.988265215262503771e-01
9.220079333671287181e-01
4.960159380131926588e-01
5.155348986396325328e-01
5.574230139722657906e-01
3.651241348601979575e-01
4.316497383411797006e-01
4.690739061087629280e-01
5.525601332276346422e-01
6.308009430985270782e-01
5.133678494352329480e-01
5.799765357159094581e-01
2.847833243299828787e-01
4.615081799456720590e-01
5.185032428945350880e-01
-1.498389867343257742e-01
7.526686888061067116e-01
4.599187811533033687e-01
4.798123051790230686e-01
5.284643234862074213e-01
4.462967579895621428e-01
3.325462797001136894e-01
4.810853578235878558e-01
4.704371178498672479e-01
4.060468643506783271e-01
3.882427675447274740e-01
3.198857530236318691e-01
4.350145719031388580e-01
4.626373098206499890e-01
6.883727558447537698e-01
4.558518381673070663e-01
5.028435403792809177e-01
5.777554284377401685e-03
5.062945396105874574e-01
9.176766457863391180e-01
4.296686680291304516e-01
4.221881368129515866e-01
6.479404095085373738e-01
2.748337553575129211e-01
3.041041979325654898e-01
5.129259910373139553e-01
7.231148257998983864e-01
5.916049200153429277e-01
5.732146799346173882e-01
4.860942632534329122e-01
5.373235246675130972e-01
4.781870018090808028e-01
1.618940838349735678e+00
4.575810990727450234e-01
5.959143605705480295e-01
4.978920106271311763e-01
6.292013029886299735e-01
6.680895782216476064e-01
3.590836464420317231e-01
4.955375140000319312e-01
5.069319132543205209e-01
-4.939522157549799952e-01
4.271677405179821196e-01
5.182505765394512798e-01
5.293458480853542314e-01
3.804382745388784071e-01
5.206183101055512630e-01
1.110317888389099616e+00
4.225729257321199639e-01
4.761063001914567216e-01
4.905288903340101481e-01
5.973612626783324497e-01
