5.504992422030389321e+01
5.510760189611757198e+01
5.535787146420949512e+01
5.527638193284504098e+01
5.510719097299153901e+01
5.538974191331959673e+01
5.514364780455257886e+01
5.513161902155821537e+01
5.535633589021254153e+01
5.527462491037001513e+01
5.504121081997236331e+01
5.523800956450458699e+01
5.520116385430868178e+01
5.516418825283600569e+01
5.502759639401359948e+01
5.534505185415541462e+01
5.502335791359169548e+01
5.510354057570283004e+01
5.549138088052185935e+01
5.514767082626745065e+01
5.501530464574280188e+01
5.544419815772719318e+01
6.336468284380612204e+01
5.516321558685509530e+01
5.550909389324665000e+01
5.561859012682633363e+01
5.520069382200520636e+01
5.508535610352507916e+01
5.514185451250218506e+01
5.504791167394640183e+01
5.501317563545075018e+01
5.546659119360204215e+01
5.526119786869924866e+01
5.507379646941315343e+01
5.501007369174740091e+01
5.570139184257703846e+01
5.502067170514983019e+01
5.508543505286392161e+01
5.503131489698895962e+01
5.504541623041772880e+01
5.515058190878411182e+01
5.503665568536400343e+01
5.530823452039204824e+01
5.565133738786622786e+01
5.506828212857740823e+01
5.504019013153828865e+01
