2.678282576565930029e+01
1.984415245952342133e+01
3.638048007342122503e+01
1.087468679166621222e+01
2.353694886423466315e+01
3.752794743004640310e+01
3.426481489531906988e+01
2.399087570235672473e+01
2.307971036785660957e+01
2.771049420092179716e+01
1.843997644554958271e+01
1.181891056595410205e+01
1.588197676218958065e+01
4.256365730858279406e+00
2.169041017060666476e+01
1.397115425934032551e+01
8.974197675164418797e+00
8.757826323171384431e+00
1.609911965184555527e+01
2.519359148290473982e+01
7.757401654439860295e+00
8.335524359081716739e+00
2.104142639028277983e+01
3.598952493529300511e+01
7.053991605353457928e+00
1.865643731321124932e+01
9.985577842677255234e+00
1.298529169733317978e+01
2.149143901614786500e+01
1.796129505116654101e+01
6.806389256352513684e+00
2.511017003626159649e+01
3.554928210128502286e+01
9.191553943429251916e+00
3.411350235121696528e+01
1.982328135614640985e+01
3.454307670195383650e+01
2.795264026976043681e+01
3.233657245231052002e+01
1.435911762719853968e+01
3.435139952244598760e+01
1.113427082486241559e+00
2.215080236824622872e+01
2.149736355188513670e+01
3.237282300573801308e+01
6.349258907233426896e+00
2.739024786982818327e+01
3.192608245077784801e+01
2.223421021020005739e+01
1.816516965990438948e+01
1.912213917137351871e+01
2.596433357884614068e+01
5.866984904032968018e+00
2.371527260060169340e+01
7.297983093036256363e+00
1.083209479852488855e+01
3.327889126840435807e+01
1.771137704508907262e+01
3.781437595103670901e+01
-4.950370457755344233e-01
1.746109952946905253e+01
1.034407831766558772e+01
1.584833392698836185e+01
2.684376486012272878e+01
2.459758634531838695e+01
1.134919860563589822e+01
9.620424925911628122e+00
1.799241889421052898e+00
2.929599824004263908e+01
3.183325407809406471e+01
3.106489331558565326e+01
7.581138987228325021e+00
2.675022138295987872e+01
3.208291747158317264e+01
1.191772549930632152e+01
9.626191231442856377e+00
1.505556890926060021e+01
3.004957680974598233e+01
2.422821294953593707e+01
2.682682748654528027e+01
1.620409736929289934e+01
1.001443019802666079e+01
2.214900006002680044e+01
1.079668471791017126e+01
2.649245764541163695e+01
3.458941345716457505e+01
7.343364959023874761e+00
2.151359493166565429e+01
2.337511081913821087e+01
2.217862395993680735e+00
1.547305182446276461e+01
1.164419985217740816e+00
2.160188769119265118e+01
1.516421079381727921e+01
6.552994088779399817e+00
4.618370159882015713e+00
8.489419516196768711e+00
2.111008808514677071e+01
1.028973230848582787e+01
3.497357439565163162e+01
2.446581965610163678e+01
-9.535345196509679155e+00
2.196113694753342926e+01
2.025991286010879477e+01
7.117414297700715764e+00
6.465837940104888659e+00
-2.942519358872495161e-01
3.382855971430571174e+01
5.880121596604867662e+00
8.356635654875155694e+00
3.373844416681290426e+00
2.504434094781588271e+01
4.269780737183368480e+00
-1.245623823228605431e+00
3.413904684128065981e+01
2.276606903683415695e+01
2.916720342163658941e+01
1.409870012775865433e+01
1.410249342373908199e+01
3.091925540466127131e+01
9.785769209776699284e+00
3.934124172684488663e+00
1.971079031214587829e+01
1.048629023737571764e+01
3.885412637527083746e+01
6.640306448264725603e+00
3.413516190985275500e+01
1.915792246156488909e+00
-2.232581076098304251e+00
1.560267011002625281e+01
1.603910153917773584e+01
8.856314947675803850e+00
1.416142734067849140e+01
1.570676477564094853e+01
1.829872176356271751e+01
6.872407758158947999e+00
3.477156095278168380e+01
2.331429499920796289e+01
2.589514574236232747e+01
1.637151956700963495e+01
1.919815834298623614e+01
2.587225735716416786e+00
-4.036611927692719703e+00
1.080557415989613190e+01
7.630785146868669599e+00
6.840360504719119383e+00
1.789629027915080783e+01
2.051306193149570234e+01
2.751366186958420101e+01
3.480019645700706121e+01
2.392888748699140677e+01
6.643054723155550789e+00
3.628972635796502288e+01
3.434436543584754276e+01
3.248150678804470459e+01
1.273301181915502056e+01
