-1.260668709807294618e+01
-2.042760975781790833e+01
-1.243971938244214925e+01
-9.849176466607865166e+00
-1.783153351648573093e+01
-1.411299210617769262e+01
-9.597393717166344373e+00
-3.200918973504068177e+00
-1.783736158718513209e+00
-2.928548699603179983e+00
-2.952413748549522765e+00
-7.186778250446941740e+00
-1.719283551674523736e+00
-4.825762607019212780e+00
-9.487335044295029718e+00
-3.798062705160189623e+00
-1.235703283409782927e+01
-2.603233906904023343e+00
-1.689354528934130073e+01
-2.628208447430951722e+00
-3.688896236719731547e+00
-2.340246172941061076e+00
-1.952264025495440691e+01
-2.876995417506240216e+00
-9.201370726051823823e+00
-1.324520752083253328e+01
-1.563045516719858341e+01
-1.492530862772793654e+01
-2.411094309927449331e+00
-8.788455530103846058e+00
-1.272662326310339509e+01
-1.889049312475879461e+01
-2.236365254808479364e+00
-2.156256603146298900e+01
-1.604952222353280078e+01
-1.096462714891981705e+01
-1.185781389079234316e+01
-2.183115061697024473e+01
-1.093571570574299301e+01
-1.057505153229675088e+01
-4.869097120710122795e+00
-4.572118160115435259e+00
-8.106302482924188979e+00
-1.466066113895847778e+01
-1.096264765998535395e+01
-1.649098309773171778e+01
-2.635741088142211197e+00
-4.683688323343034199e+00
-2.555523608967233073e+00
-2.241064905539686691e+01
-1.567593807915246629e+01
-1.199202812064471146e+01
-1.913755346101164179e+01
-3.085758179138633039e+00
-1.210618246011406995e+00
-2.036653781528336182e+01
-1.779505845155721033e+01
-1.682496284152626131e+01
-1.037299153896941917e+01
-5.006335905132660358e+00
-7.214729039519392373e+00
-2.026412560577716349e+00
-6.624587252438328022e+00
-2.330528266980842034e+00
-1.880979932558378920e+00
-4.093220504828106954e+00
-3.552681249875497826e+00
-3.694881380664170933e+00
-1.719271227839629290e+01
-4.092270363879302764e+00
-2.167931928151778820e+00
-2.575657846629386682e+00
-1.332587551869947973e+01
-1.373869846174022413e+01
-2.580792539546031605e+00
-1.572590985754223070e+00
-2.980486302778954766e+00
-2.934148805524499082e+00
-1.833861754180373893e+00
-7.295323561065131912e+00
-1.228422000746014930e+00
-2.197710978278328398e+01
-4.112216012330540238e+00
-1.194612322827090622e+01
-2.441215743879164179e+00
-1.788996762696568510e+01
-9.039679947515555369e+00
-1.818314197107043029e+01
-1.748251834199151133e+01
-9.934808373384925062e+00
-7.338148707491161105e-01
-1.508720869378094065e+01
-1.969453014888413733e+00
-7.524093156492348555e+00
-2.093964220537424836e+01
-6.600782738272084060e+00
-7.644658815033103849e+00
-2.684040193816851883e+00
-5.297058654133463662e+00
-9.822176152968392415e+00
-6.969893166808297735e+00
-2.671504507101314374e+00
-2.804353657366783992e+00
-1.481961277240543495e+00
-1.086691380186949019e+01
-1.740816724765871015e+00
-1.420753727573411496e+01
-1.348010893648781661e+01
-3.602383018893345223e+00
-1.678866821301225443e+00
-9.745733748724521917e+00
-2.078586610141385904e+00
-1.831271841552863933e+00
-1.888827550897911323e+00
-2.892925511952626039e+00
-1.126241869767979509e+01
-2.795826033581180425e+00
-2.289266123719025714e+00
-2.281852960054354895e+00
-1.867219471594552260e+00
-4.858387733070934189e+00
-3.019547568201380372e+00
-1.721370672878538954e+00
-6.009970183471308403e+00
-3.178052127388344417e+00
-1.243464651405050603e+01
-3.089183474518080175e+00
-1.031274422770258425e+01
-4.048636829299727680e+00
-2.656517475001686890e+00
-7.517025987635037154e+00
-1.174075071306374340e+01
-2.029041695594973049e+00
-1.382178019493068177e+00
-1.421936523779721639e+01
-4.297251226213571584e+00
-1.822568061610365220e+00
-2.375775268571491239e+00
-1.019859068684699466e+01
-2.053482662444077178e+00
-3.774258062236327760e+00
-1.309495427395734879e+00
-4.187422120742773757e+00
-1.581989471039169359e+01
-7.319319673829305373e+00
-8.403971197330228904e+00
-1.736549349409653686e+01
-3.345304181673139254e+00
-2.605203851153712336e+00
-5.097389314031349983e+00
-2.031522869519942986e+00
-1.455999098670853797e+01
-1.401567665104501259e+00
-1.139312982058250512e+01
-1.748831450816631161e+00
-7.643723296270469092e+00
