nan
nan
nan
nan
nan
4.046687601409248991e-02
7.867035854208648260e-02
6.441551564081615666e-02
5.147825781083759100e-02
2.952681143266344677e-02
2.315072858375211151e-02
1.844986143831495173e-02
7.730245827154091920e-03
4.118087286945859571e-02
3.600759328328595466e-02
2.891227706664178942e-02
2.309402423423501105e-02
3.436638066935637781e-02
3.103768132226791820e-02
3.004093823671061259e-02
2.476695755375679653e-02
1.855911907973850639e-02
1.584923843881835825e-02
1.249312026332805026e-02
7.116044655535835872e-03
3.631200279146018506e-02
3.303140722832409448e-02
8.903660734968843471e-02
6.694486142818478758e-02
6.248438314111703917e-02
7.982575929190016684e-02
4.470523955294536389e-02
3.096652109843200940e-02
6.412897437463738193e-02
7.650814898916191709e-02
4.769151563097384638e-02
3.402991611326577903e-02
3.072420590380442462e-02
2.809625310117935815e-02
2.772410849590012383e-02
3.734671261672450893e-02
2.376902693675231326e-02
3.773893249370241509e-02
3.895067161646692533e-02
3.894753416639096244e-02
6.088708062048275860e-02
5.249773239424126992e-02
7.154682633429687577e-02
1.231575681261412036e-01
1.495828542693262708e-01
1.188621904467757062e-01
1.177098214542735555e-01
9.400334506381546884e-02
9.185940904374223503e-02
1.991529590033117580e-01
2.175774309042607380e-01
2.075569989340023680e-01
2.951404595534519171e-01
2.498940667125700843e-01
2.899413030810420455e-01
2.214686406481793934e-01
2.646802885877507228e-01
2.533594050860360491e-01
2.715430543841828026e-01
2.872020419497537391e-01
2.596495357555351768e-01
2.145070452855494247e-01
2.756601386669380593e-01
3.224855277518677843e-01
2.748574379586208316e-01
2.770513654464594744e-01
2.050099980885191631e-01
2.773035640442460537e-01
2.782042563290686443e-01
2.871222879648951398e-01
4.372024107693194273e-01
3.727975245813430760e-01
3.415425279994493968e-01
4.781148630299540958e-01
5.009194353649099041e-01
4.669411127984069987e-01
4.885657432959702451e-01
4.952855271165546025e-01
5.236824997389535330e-01
4.666264855404903544e-01
4.929928284004704286e-01
4.364803422185883353e-01
5.102664908196749005e-01
5.395740009641576407e-01
4.721122950574565547e-01
4.645916839558668077e-01
5.893888154034396809e-01
5.745413660653554411e-01
4.551397034372353101e-01
5.935122936989003506e-01
5.363048254129803016e-01
4.979831791467529412e-01
4.800854979498008213e-01
4.946888605159411867e-01
4.894879283776605305e-01
5.234029415449779066e-01
4.393540136588893752e-01
4.995550632855400019e-01
4.876383006109752394e-01
4.965857341641797262e-01
4.666939036966073484e-01
4.505062301372129152e-01
2.892637662771093687e-01
2.095807018769810792e-01
2.314336084491516177e-01
1.213914742892591159e-01
9.599267522327770141e-02
1.080109040523866692e-01
7.256146624084336416e-02
3.949066782806076592e-02
4.773444586767194853e-02
3.673030119345888078e-02
2.762893567985202914e-02
1.989317467612206070e-02
2.043767119395056842e-02
7.242714452076248755e-03
5.005591139687126656e-03
5.770867431871606890e-03
3.294928169093491732e-03
2.067044097426085081e-03
1.298011724515713006e-03
1.219065583778822237e-03
4.505072625889949833e-04
1.885352591550759627e-04
5.150537061483495549e-04
1.449497255484599734e-04
8.900801109124056865e-05
9.153143293383347867e-05
5.310209153297495988e-05
7.050165658328833018e-05
4.709220969290051073e-05
3.036372588494096192e-05
nan
