nan
nan
nan
nan
nan
9.817825609741426263e-04
4.000637656553784893e-04
1.536767767583713251e-04
2.055285484074964586e-04
1.358353200864304000e-04
3.509498628895268979e-05
6.763823030431215244e-05
3.351676145801896212e-05
3.680084500112812407e-05
5.404264675956671482e-05
3.057825675101266683e-05
7.874718837630467760e-05
1.261096663811911434e-03
1.156003017776074948e-03
1.063124024244688215e-03
1.622127515275351151e-03
9.939711703081943739e-04
1.146179785182055433e-03
1.731610840510988680e-03
8.799471447416662429e-03
6.911514264859808243e-03
7.193553590280510335e-03
9.200816360670938110e-03
8.521051020887404626e-03
1.020743027784776213e-02
1.029427050192810444e-02
1.053883031147018201e-02
1.003370176006501691e-02
6.102314826221366673e-03
5.571065829902854816e-03
5.903105053778778810e-03
6.877812592127385827e-03
1.040878164958092267e-02
6.367239832253401843e-03
5.156631691548896335e-03
6.572096308594788105e-03
4.764097723586879773e-03
5.802036700827017945e-03
5.909335314685848495e-03
6.422332459344426425e-03
7.263146656516394906e-03
4.385671411911262751e-03
3.595445063542035413e-03
2.621751525744620004e-03
5.919859193069365588e-03
7.084003984769271511e-03
3.790664254490816454e-03
2.287249861036677601e-03
1.265379427393797940e-03
9.336514381138583119e-04
6.474519794401611961e-04
5.280607147510885113e-04
2.337711598516811762e-04
2.145327034197563876e-04
3.234640416635015114e-04
8.028535482913490284e-04
3.336680154423232736e-04
2.797668526449692550e-04
3.079358137377807836e-04
1.220826805111374647e-03
9.017791225279792044e-04
1.034139023503577448e-03
2.152087035236394108e-03
8.678102507471585625e-03
1.357877617102642986e-02
1.626388891365015965e-02
2.780592622319999485e-02
1.901270612406491534e-02
2.648933893444027632e-02
2.904838384467167689e-02
2.342166705635218005e-02
3.570809600784075055e-02
1.913596129156380776e-02
1.600000706229220970e-02
3.376046624169104504e-02
2.812404649720146033e-02
3.566794178409760097e-02
3.174445249154422832e-02
3.625083108981497215e-02
3.416008032120931848e-02
3.443444673394613353e-02
3.562654372415996473e-02
3.987701513687647026e-02
2.002565042869741685e-02
2.605362837283375921e-02
3.794904591473247102e-02
3.998067553779982575e-02
3.699563946102146783e-02
3.848448701085516177e-02
3.933964786698762595e-02
3.637700000178278881e-02
3.409877778047254449e-02
5.594075425617295316e-02
8.824116742958820758e-02
4.958044164234931550e-02
3.109157002725115859e-02
5.007831145631780334e-02
4.203466196570138091e-02
9.427019423012150678e-02
8.915076745410277503e-02
9.397051395452005185e-02
8.006599552215487581e-02
9.174068730055529031e-02
7.009155839629366280e-02
8.227454962789026993e-02
1.011383524895803632e-01
1.172958522499109035e-01
8.023215783555603942e-02
6.923478865044818686e-02
1.095530200453004310e-01
1.494159068308812399e-01
1.478288634810993596e-01
1.238972629992352026e-01
1.291293988672457260e-01
1.120745196282115774e-01
1.249236289032027436e-01
1.050793156499038039e-01
1.201396240167548202e-01
8.877168577818916884e-02
6.760515397046851227e-02
1.244779268827366225e-01
1.471156869228905650e-01
1.412654680902584170e-01
8.453826778698880773e-02
9.582086240215226258e-02
1.011293697685345938e-01
1.435330275190433991e-01
1.187403192340161784e-01
7.930368478965887924e-02
1.459144183873778422e-01
1.833444405319751835e-01
1.660079246832428801e-01
2.177566919494287045e-01
1.827866924654468761e-01
1.650087011904495249e-01
nan
