nan
nan
nan
nan
nan
1.243372919366869667e-02
1.257162053693994253e-02
1.162633192444451069e-02
9.027323462824421441e-03
2.011124659170404616e-02
2.352703197071215335e-02
8.604609559040288236e-02
7.576231862731797051e-02
1.003337536281295739e-01
1.097334859400079798e-01
8.024361103514332516e-02
9.277056576806974597e-02
8.803263109076009396e-02
1.674891466849232069e-01
1.439010016029328431e-01
1.574088818046229798e-01
1.778014991892875596e-01
1.544599981035340575e-01
1.916172150067253499e-01
1.798960148083763588e-01
2.130844544428598386e-01
2.748102964716511165e-01
2.244570111384917022e-01
2.146608867471271331e-01
2.207820408892017250e-01
2.119188518532948429e-01
2.176103983527819530e-01
2.187481486806130970e-01
2.333403780504227365e-01
2.254992111865105064e-01
2.526381938008034345e-01
1.869245328096249548e-01
1.786331767011298810e-01
2.699296065820021573e-01
2.057135845875558422e-01
2.060433326165010959e-01
1.659810638741875399e-01
1.494712792658576817e-01
1.542501312505769606e-01
1.356576629010013413e-01
8.229240538442839092e-02
2.041198933359665846e-01
2.977048468183571828e-01
2.562278807687671245e-01
2.172391507691239232e-01
3.743996690459302501e-01
2.786992890317150362e-01
3.115090115452647801e-01
3.722445080765242054e-01
3.846164501206394970e-01
4.552067937922967822e-01
5.411054085016380188e-01
4.423258596950274679e-01
5.390165756289890808e-01
4.320027997525029972e-01
5.323742768135177883e-01
4.251597278592182949e-01
4.198050122821856966e-01
4.179214926946794861e-01
4.549536794251424210e-01
5.416095361745764114e-01
4.194528963173068670e-01
6.388033510003556792e-01
5.730818867388292048e-01
5.979203832393622520e-01
6.071197087133322068e-01
4.869595685847107891e-01
5.504774902991802499e-01
5.092201209846838328e-01
4.565241974361902155e-01
4.762395829401306901e-01
4.957517627885248412e-01
5.494541298238362348e-01
5.977773061483795392e-01
4.204623724994319689e-01
4.669411127984069987e-01
5.404438233523043422e-01
5.150288192542424870e-01
5.627073249837204472e-01
4.299685044261154498e-01
4.900368419977886303e-01
3.609293626879367389e-01
4.413074975795451271e-01
3.920153642724477638e-01
3.923125290903310969e-01
4.440740823108721980e-01
3.925084343192652980e-01
4.430882887734953757e-01
3.881043449255775490e-01
2.591313209013723640e-01
2.959628970628326305e-01
1.620195234790235972e-01
1.863028132161969053e-01
1.753794922506918263e-01
nan
