2.731375846736773250e-01
2.535179807398503793e-01
2.959375792793002558e-01
1.803568475257043280e-01
3.204559870257617238e-01
2.734221314894625943e-01
3.002927951080437419e-01
4.109945498488719040e-01
3.597781127795747214e-01
3.475729643943896163e-01
2.807291434092235027e-01
2.968918813207755969e-01
3.076803249168415522e-01
2.490329442765414625e-01
3.257717708711743154e-01
3.215817183945955393e-01
7.379111894103561609e-01
3.661917855018145818e-01
2.912911041868233020e-01
2.835977017234508901e-01
2.941240684164699859e-01
3.072647123809633674e-01
2.769781777385060262e-01
4.173305005331440221e-01
2.778145385749257734e-01
3.248951984899736134e-01
3.013174949669587543e-01
2.564258871589299993e-01
2.870103566409443197e-01
3.015406942415870817e-01
1.551692880420523502e-01
3.217775383537150313e-01
3.116197956033783800e-01
3.517436569326059526e-01
2.797933970726262376e-01
3.210999545875029004e-01
3.049655989878647389e-01
3.011599546750426404e-01
3.000715755116221128e-01
3.020375215562694504e-01
5.329437698664105660e-01
3.139382186906368721e-01
3.797269753007958548e-01
4.010081734555137611e-01
3.829560051702856072e-01
5.782012976680470651e-01
3.433543735343732584e-01
3.372489079307843252e-01
3.207813501191503769e-01
3.126930020211398098e-01
2.816803817338859317e-01
3.316458317817319035e-01
2.762557513099204720e-01
3.201757325832522705e-01
2.882445302074074789e-01
2.782468734800545573e-01
2.873460078856988065e-01
1.311625423282521408e-01
3.051415855322033854e-01
3.138329336240803791e-01
3.096804986670417814e-01
3.200913018699452772e-01
2.962897815500218912e-01
2.649789550472110289e-01
3.226268624376325556e-01
2.752443104345150271e-01
2.846013110136914048e-01
3.291228647118009665e-01
6.188731986464245383e-01
3.443909159210125082e-01
3.554069634046572723e-01
3.295966685758662806e-01
2.941771955717286113e-01
3.334443058251144731e-01
3.153325389535484580e-01
2.312662273645310074e-01
2.871488529632324482e-01
3.240524602204345461e-01
3.563569446873043334e-01
3.076674360229321725e-01
1.698300580587783770e-01
3.361619250572562279e-01
3.368577645007326260e-01
3.008236340289932031e-01
5.047606942786774242e-01
2.512953512831813674e-01
2.967624132014952676e-01
2.938464801664515957e-01
3.334951655891882361e-01
3.383966274387057438e-01
1.460187031418945514e-01
3.147510369970245581e-01
2.802119770672197863e-01
3.162874421904916522e-01
2.768147572181646754e-01
3.337502666367731519e-01
2.758338725452381124e-01
3.398010869382050991e-01
3.686017619123777012e-01
2.535554428298291696e-01
2.950771413165784729e-01
2.562842283739450999e-01
3.227768178618816708e-01
2.839421848266420190e-01
2.819350427249947000e-01
2.948794253494770867e-01
3.248101666515151309e-01
3.328461117899882971e-01
3.255212031964492825e-01
3.369399583628773787e-01
2.981600820600238122e-01
3.240071296098722131e-01
2.776074589626478240e-01
3.335729456003332372e-01
3.395915265341068467e-01
3.607189840144860438e-01
3.269588895242577786e-01
3.526339080382149271e-01
3.277304577452764267e-01
3.024452722627984369e-01
2.796050422146140746e-01
3.601947806241310168e-01
2.697150513136352679e-01
3.028698929187703670e-01
