nan
nan
nan
nan
nan
3.236999999999999877e-01
3.116999999999999771e-01
2.802285714285714380e-01
2.452999999999999903e-01
2.680666666666666753e-01
2.882000000000000117e-01
3.032727272727272494e-01
3.185000000000000053e-01
3.253307692307692567e-01
3.212142857142857300e-01
3.169000000000000150e-01
3.088000000000000189e-01
3.244117647058823439e-01
2.721333333333333382e-01
2.789473684210526105e-01
2.952000000000000179e-01
2.867476190476190290e-01
2.887636363636363890e-01
2.795739130434782838e-01
2.972666666666666790e-01
2.938999999999999946e-01
3.002076923076922865e-01
2.967037037037036917e-01
2.989857142857142991e-01
2.843379310344827382e-01
3.023333333333333428e-01
3.113354838709677663e-01
2.828999999999999848e-01
2.727757575757575603e-01
2.781058823529412027e-01
2.863285714285714323e-01
2.805777777777777593e-01
2.691837837837837699e-01
2.801736842105262970e-01
2.679717948717948994e-01
2.772999999999999909e-01
2.708780487804878234e-01
2.687238095238095315e-01
2.777534883720930159e-01
2.740818181818182042e-01
2.723222222222222433e-01
2.711869565217391309e-01
2.749872340425532080e-01
2.792333333333333334e-01
2.774346938775510418e-01
2.697999999999999843e-01
2.679372549019607974e-01
2.688538461538461655e-01
2.424566037735849111e-01
2.470518518518518558e-01
2.560454545454545205e-01
2.415428571428571425e-01
2.469491228070175570e-01
2.498689655172413870e-01
2.393067796610169606e-01
2.298666666666666636e-01
2.127524590163934470e-01
2.131677419354838787e-01
2.145158730158730209e-01
2.106999999999999984e-01
2.199230769230769156e-01
2.099878787878787789e-01
2.175970149253731445e-01
2.006529411764705895e-01
2.171579710144927455e-01
2.111142857142857265e-01
2.010239436619718212e-01
2.051888888888888929e-01
2.008109589041095766e-01
2.019918918918919004e-01
1.980333333333333390e-01
2.042368421052631611e-01
1.986038961038961159e-01
1.985358974358974460e-01
1.925341772151898667e-01
1.918999999999999873e-01
1.982345679012345596e-01
2.003390243902438972e-01
1.987144578313252974e-01
1.962142857142857022e-01
2.056823529411764828e-01
1.859767441860465109e-01
1.969034482758620641e-01
1.982909090909091010e-01
2.032528089887640499e-01
2.011000000000000010e-01
2.132978021978021999e-01
2.068434782608695732e-01
1.993516129032258111e-01
2.035425531914893671e-01
2.126263157894736910e-01
2.038833333333333331e-01
2.121329896907216406e-01
2.140265306122448863e-01
2.066818181818181888e-01
2.137000000000000011e-01
2.252821782178217880e-01
2.193294117647058838e-01
2.132815533980582656e-01
2.127076923076923198e-01
2.141380952380952385e-01
2.227264150943396304e-01
2.190551401869158810e-01
2.195444444444444310e-01
2.225440366972477046e-01
nan
