1.850000000000000089e+00
1.493333333333333357e+01
2.121666666666666501e+01
2.606666666666666643e+01
3.008333333333333215e+01
3.256666666666666998e+01
3.653333333333333144e+01
4.070000000000000284e+01
4.488333333333333286e+01
4.639999999999999858e+01
5.218333333333333002e+01
5.718333333333333002e+01
6.285000000000000142e+01
6.801666666666666572e+01
7.290000000000000568e+01
7.950000000000000000e+01
8.801666666666666572e+01
9.234999999999999432e+01
9.393333333333333712e+01
9.791666666666667140e+01
1.033333333333333286e+02
1.080000000000000000e+02
1.137833333333333314e+02
1.198666666666666600e+02
1.306666666666666572e+02
1.375333333333333314e+02
1.410833333333333428e+02
1.485500000000000114e+02
1.569333333333333371e+02
1.664333333333333371e+02
1.739000000000000057e+02
1.815666666666666629e+02
1.922833333333333314e+02
2.041333333333333258e+02
2.101833333333333371e+02
2.205999999999999943e+02
2.270000000000000000e+02
2.319833333333333201e+02
2.343000000000000114e+02
2.441666666666666572e+02
2.457666666666666799e+02
2.496666666666666572e+02
2.570166666666666515e+02
2.627666666666666515e+02
2.711999999999999886e+02
2.780000000000000000e+02
2.809833333333333485e+02
2.923833333333333258e+02
2.953000000000000114e+02
3.022833333333333599e+02
3.075333333333333599e+02
3.141166666666666742e+02
3.197833333333333599e+02
3.232833333333333599e+02
3.283500000000000227e+02
3.390166666666666515e+02
3.491166666666666742e+02
3.549833333333333485e+02
3.626166666666666742e+02
3.665000000000000000e+02
3.756166666666666742e+02
3.793666666666666742e+02
3.881666666666666856e+02
3.955833333333333144e+02
4.006666666666666856e+02
4.046333333333333258e+02
4.073000000000000114e+02
4.177333333333333485e+02
4.253333333333333144e+02
4.322833333333333599e+02
4.360333333333333599e+02
4.416999999999999886e+02
4.463500000000000227e+02
4.527833333333333599e+02
4.584833333333333485e+02
4.606666666666666856e+02
4.647666666666666515e+02
4.708500000000000227e+02
4.751166666666666742e+02
4.818999999999999773e+02
4.886166666666666742e+02
4.994166666666666856e+02
5.081166666666666742e+02
5.125166666666666515e+02
5.217666666666666515e+02
5.287000000000000455e+02
5.341499999999999773e+02
5.393666666666666742e+02
5.498166666666667197e+02
5.538666666666666742e+02
5.839166666666666288e+02
5.896333333333333258e+02
5.922166666666666970e+02
5.990000000000000000e+02
6.029833333333333485e+02
6.129500000000000455e+02
6.159333333333332803e+02
6.237666666666666515e+02
6.246666666666666288e+02
6.333666666666666742e+02
6.365166666666666515e+02
6.464833333333333485e+02
6.494666666666666970e+02
6.589333333333332803e+02
6.640499999999999545e+02
6.688333333333333712e+02
6.760000000000000000e+02
6.770000000000000000e+02
6.823333333333333712e+02
6.885000000000000000e+02
6.940000000000000000e+02
7.016666666666666288e+02
7.096333333333333258e+02
7.126333333333333258e+02
7.212500000000000000e+02
7.257833333333333030e+02
7.314166666666666288e+02
7.369500000000000455e+02
7.407833333333333030e+02
7.454333333333332803e+02
7.538333333333333712e+02
7.589333333333332803e+02
7.678500000000000227e+02
7.703333333333333712e+02
7.763666666666666742e+02
7.857666666666666515e+02
7.867500000000000000e+02
7.931833333333332803e+02
7.985666666666667197e+02
8.035166666666666515e+02
8.084500000000000455e+02
8.111666666666666288e+02
8.182999999999999545e+02
8.193666666666666742e+02
8.232333333333333485e+02
8.277000000000000455e+02
8.340000000000000000e+02
8.390666666666667197e+02
8.426833333333332803e+02
8.477166666666666970e+02
8.502999999999999545e+02
8.542166666666666970e+02
8.584333333333332803e+02
8.613666666666666742e+02
8.674500000000000455e+02
8.769166666666666288e+02
8.809166666666666288e+02
8.861333333333333258e+02
8.889500000000000455e+02
8.962166666666666970e+02
9.038666666666666742e+02
9.098500000000000227e+02
9.149500000000000455e+02
9.185833333333333712e+02
9.248500000000000227e+02
9.309666666666666970e+02
