-6.001908998509491999e-02
-1.654306167193135557e-01
5.103250237705083542e-02
-1.512444182008005067e-01
-2.975558162215679592e-01
9.223557565973351802e-02
-4.161762321337960507e-02
-1.204806904923941546e-01
-6.511913720369875980e-02
-1.757240492629921491e-01
-1.313318596964950236e-01
4.590335158747962246e-02
3.038191299726463596e-02
-2.380262116507196948e-02
-1.242853193494397601e-02
2.221142396382776996e-01
-3.703764494166881804e-01
3.182673731076192669e-01
-5.998601171900034418e-02
-1.276867340518492676e-02
1.924895434623616897e-01
3.705578177361644465e-02
-1.136624227240111001e-01
4.394061251996560918e-02
-1.181832246611162485e-01
4.692018330383348340e-02
2.093970892599804623e-01
4.053324890622434645e-02
1.596565340918777998e-01
-5.605303552646091758e-02
-2.068409223471167069e-01
8.672308937479442092e-02
2.600307114112752199e-02
-1.355540733947441234e-01
-1.252882766447180607e-01
2.264982532462568240e-02
3.651245256684368945e-01
4.604023865502881313e-02
-4.597989424230036065e-02
4.475153132109611215e-02
-2.118319463581087858e-01
1.261103389549475713e-02
-5.476458599977604425e-02
-4.005685483488889698e-02
1.558475894215814728e-01
-3.950612269548725020e-01
-2.692592385512710892e-02
-1.693984728644795656e-01
-2.598928479937052116e-01
-1.176079098527623018e-01
9.861131074483978076e-02
4.878620125532734386e-02
1.680678013078750199e-01
-3.878569211015019114e-02
8.221727637191406091e-02
-1.952878989243049535e-01
1.196990415382106210e-01
-3.031864380182469274e-02
9.139563978500860053e-03
9.007921610522658107e-02
-5.182711200607627994e-02
-4.691798642328535301e-02
-2.786303629021125716e-01
5.176105673850400768e-02
1.576463535381677217e-01
-1.827902086235758394e-01
-5.284320976590947683e-02
3.970979233932894065e-02
-1.901011984029469248e-01
7.509864054898116037e-02
3.251838191170236536e-02
-1.337350405713425561e-01
-5.603351832692515799e-01
-8.136826757787957165e-02
-2.031836992786378582e-01
-1.044242004680108887e-01
-1.428277828780863956e-01
-1.496883241589006264e-01
3.208553202730209108e-02
1.212630250075392296e-01
9.945913639895659353e-02
1.548003275819883062e-01
-1.171743954936903254e-01
8.430221170039203793e-02
-4.691802904445105948e-01
-2.758436015725010404e-02
9.330157292645707701e-02
8.170432172114487634e-02
-2.833974765363302395e-01
-1.531155842029028324e-01
1.522159791021408526e-01
-1.106374796992952297e-01
-4.775943375241695210e-02
-5.901578695496254717e-02
-5.615126579399557505e-01
1.288530500242604848e+00
-3.542090182506678064e-01
5.578384409606400307e-02
-4.126899279511690027e-02
-1.983815455540934719e-02
-1.315505956139889909e-01
8.343709684493888501e-02
1.445107503130154125e-01
9.303149971289940978e-02
2.256844507571827141e-02
-3.562082951379648144e-01
3.212646080037984825e-02
5.607086452645972802e-02
5.025562916434353489e-02
-3.631249475426443635e-02
-2.416842951755256846e-02
7.010834117323043457e-02
-2.597006175463195676e-01
-2.330692307565453703e-01
2.377652652714118756e-02
-1.597692356527659341e-02
1.467921677759159160e-01
4.015990603901173350e-02
-1.077728730934836704e-01
-1.209270971413195644e-01
1.696370553268593609e-02
-2.379193337127674113e-01
-2.856623240989239476e-01
-4.922999403270428842e-01
-2.649025258312531217e-01
-3.225024834440773369e-02
3.033709093313444738e-01
-1.267446876361765229e-01
8.820022859244090740e-02
-5.045313545904548530e-02
-1.179615426159830310e-01
2.995024568121152850e-02
-2.255625258020472687e-02
6.859561012694939675e-02
1.588007236115459020e-01
7.682167793189137450e-02
-5.593200127980139935e-02
-1.551819973052374728e-02
