-2.329709777581183416e-01
9.890673669365923626e-02
-1.774733558449406723e-01
-1.586064214226428348e-01
-1.948620380917191197e-01
5.697184917603430598e-01
-2.010165000513507161e-01
1.876807016175917053e-01
-1.806035767374328249e-01
1.193895924303933487e-01
-7.742744177959594298e-02
1.831901234598239947e-01
1.040236287900006662e+00
-4.563285427086885004e-01
-1.358941929823447581e-01
-8.112908891115466758e-02
3.257638913512357903e-01
-2.848842505792890667e-01
-2.966595369162859999e-02
6.391624391792120885e-02
-9.316845056476552589e-02
-1.152568906223132156e-01
3.990407487491575145e-01
-1.230007896944061985e-01
-9.500422823590838617e-02
6.531412711783218805e-02
1.897588595187858218e-01
-1.147855874262404541e-02
4.327061271270554177e-01
-2.643276412659349983e-01
-1.269597927829672623e-01
-3.003893745133563997e-01
6.351247525517464583e-03
2.006610407666221396e-01
-6.209197859215866144e-02
9.385818876444773640e-02
1.093195681118993429e-01
-3.030616107130291170e-01
-5.495461260484069133e-01
9.775075664029987399e-01
-2.139164284377511605e-01
3.149340539451307430e-01
-2.343481764613215834e-02
-5.406311393384839736e-02
3.245205509500641572e-01
-7.409658159360787977e-02
