5.510928084937491178e+01
5.608802907135517302e+01
5.636621991884985050e+01
5.596981120160587864e+01
5.580833179170708291e+01
5.572533668030822440e+01
5.534274484585829157e+01
5.648794885783925679e+01
5.561214317040828092e+01
5.501025302112120130e+01
5.570958232421133260e+01
5.530751361010514700e+01
5.614724976652829014e+01
5.539340105504285106e+01
5.515162328937014280e+01
5.610294076729775270e+01
5.591755470481065515e+01
5.581029865397879774e+01
5.568297162778218734e+01
5.605212705604559176e+01
5.610832232762512461e+01
5.508658214186668545e+01
5.579328245125512353e+01
5.550567544791019969e+01
5.558638403701332464e+01
5.646648040723808037e+01
5.508770635756542333e+01
5.605290418054240575e+01
5.545555398597954166e+01
5.595787471976341720e+01
5.594592588740017902e+01
5.530446324947052261e+01
5.602165040349019876e+01
5.595349175239088879e+01
5.564024721997446932e+01
5.528758482760005677e+01
5.512489964879505067e+01
5.529737468644430720e+01
5.589789892613558209e+01
5.535407370162681673e+01
5.518150216706624178e+01
5.577951837686555336e+01
5.536481681127250454e+01
5.521453424905258345e+01
5.584725871003814746e+01
5.627765735152825499e+01
5.533138886578238669e+01
5.500593307665045728e+01
5.508696309737537433e+01
5.519250292996788687e+01
5.637718466126209194e+01
5.580944420810836704e+01
5.507946255326528728e+01
5.517869324745930726e+01
5.563026140943532738e+01
5.542553616634982205e+01
5.586733591094124307e+01
5.526176024568548684e+01
5.634460467808799677e+01
5.581024987435770868e+01
5.537891947742043897e+01
5.626384077082072110e+01
5.621811121955990842e+01
5.589484368584277973e+01
5.546618320231105059e+01
5.645034551182928340e+01
5.627581428902880134e+01
5.602121585819856620e+01
5.615187925534703339e+01
5.523135965860178942e+01
5.521581547281268598e+01
5.525176251887963019e+01
5.526425173746412156e+01
5.577439476387427675e+01
5.625036784387708622e+01
5.592363931388840115e+01
5.566113990497902364e+01
5.552760627070895083e+01
5.608846586966844683e+01
5.531637664023575240e+01
5.618015092662786003e+01
5.511359534965641416e+01
5.533935267480946152e+01
5.609065601708599047e+01
5.569575816238096166e+01
5.539457546047913894e+01
5.609706659786882454e+01
5.567407839177452189e+01
5.586514342241419229e+01
5.505993178452767012e+01
5.590568458052187850e+01
5.612019760463196860e+01
5.602051758470978626e+01
5.520108468308455940e+01
5.580241231191666884e+01
5.610912519673946264e+01
5.574166451289476498e+01
5.529532294040740226e+01
5.557851451228719242e+01
5.579055941823278886e+01
5.614875353621440013e+01
5.524528138245047160e+01
5.622915546820033939e+01
5.553005677220269831e+01
5.505470176300943308e+01
5.554733378021229129e+01
5.569312222203857488e+01
5.575790816574289721e+01
5.593886265606280972e+01
5.559879201982945318e+01
5.607727429373841233e+01
5.561636215969781460e+01
5.617910909358327842e+01
5.590349671776719731e+01
5.516353263705722298e+01
5.544387827340613484e+01
5.591064553547978733e+01
5.574986813554485110e+01
5.587430440982628710e+01
5.605839141918642810e+01
5.602529450403970657e+01
5.521311183717970295e+01
5.605088060609889311e+01
5.609268905840460206e+01
5.510464423357486652e+01
5.533437869548060206e+01
5.551312679582787268e+01
5.542036325728039969e+01
5.572435320975480266e+01
5.511929427431660855e+01
5.534073087261845814e+01
5.518517583728020526e+01
5.551068555868530296e+01
5.607963405778642851e+01
5.526600181987808469e+01
5.535099633898677496e+01
5.631055050163593023e+01
5.589178569028972277e+01
5.536067809652102767e+01
5.543837834821359678e+01
5.628961077633835686e+01
5.554943949949948490e+01
5.539796252803773768e+01
5.562479834658054045e+01
5.571071198475400621e+01
5.580371436749667424e+01
5.507669972339052578e+01
5.569506228129280601e+01
5.522032425765028307e+01
5.596746355211418233e+01
5.557645674708925299e+01
5.514471677879296152e+01
5.594846562406225132e+01
5.535100666126938052e+01
5.580431813194579860e+01
5.521569269696425408e+01
5.562402183336171646e+01
5.634947758025152353e+01
5.595598907317106807e+01
