2.555213855572339199e+01
4.391769180145685070e+00
6.322905027572752523e+00
2.550737465166124451e+01
2.840186997532410018e+01
3.636167241925012661e+01
3.310637467221450692e+01
1.009750923102681952e+01
2.784113483320155069e+01
1.635694732086144754e+01
6.121614208873427998e+00
9.356518132428435663e+00
6.563827694243864030e+00
2.130226276900375737e+01
3.700337688353472743e+01
3.612789362411616878e+01
3.108374147437613644e+01
4.894950871842913109e+00
3.103232712366635937e+01
2.957616407472130504e+01
1.819567562307156905e+01
1.805346718998562849e+01
2.045785540867885288e+01
1.514792671738833185e+01
7.686850952878247156e+00
3.305134280582387785e+00
1.117330342433256440e+01
2.720756764074381095e+01
2.421699757635931149e+01
1.260181506010298058e+01
2.768166473005664940e+01
1.662688852743947976e+01
4.934299802123110368e+00
1.632248347463980309e+01
2.009359539620556134e+01
7.280871423963417577e+00
2.065836369898710956e+01
2.253977046717108834e+01
2.428924729573935437e+01
1.161877214841528350e+01
2.771730198729438399e+01
3.413407497193361451e+01
1.481621415318766033e+01
9.282384093677979564e+00
2.088255538236824549e+01
3.263494608515333795e+01
2.967463850411062154e+01
2.596962266378698558e+01
6.426855401247980382e+00
1.534867434580118761e+01
2.921152551049581092e+01
2.918220203134838542e+01
2.187459755303639497e+01
7.030873470696927363e+00
7.594510456398359644e+00
2.160200373575959176e+01
2.574514507936393315e+01
1.427141882955288210e+01
2.071309612167616976e+01
1.456808754229846414e+01
1.216614248669975673e+01
2.826719290883362135e+01
1.710996033854305409e+01
1.977810530359777630e+01
1.906797448196100930e+01
2.603929273764392960e+01
2.589945543401849903e+01
2.258260387691874271e+01
3.520629148528807661e+01
2.925549410979924403e+01
2.339544303501534728e+01
2.250807161351679753e+01
1.282512892415945771e+01
1.875279871982829860e+01
2.096020982221217110e+01
2.567437662502127438e+01
3.506617962271906208e+01
1.604702978481890696e+01
1.134408847516700369e+01
1.727025994319747326e+01
2.245199330598043019e+01
1.635278632059246462e+01
2.549360629399295775e+01
3.420590105708313189e+01
2.774062628903806882e+01
7.112661233877314970e+00
3.482047061368097829e+00
1.509622103173024321e+01
8.853117762076747610e+00
2.860574891715038959e+01
2.304041168880593560e+01
2.242658276864167988e+01
1.871226808676505371e+01
2.050529344133046550e+01
8.399764592442069855e+00
8.658804634076801676e+00
8.888572391986137688e+00
1.354544207670059386e+01
1.510619021087058478e+01
4.322915946558104849e+00
5.365714929391655730e+00
2.763287573307376732e+01
4.535658384622782258e+00
3.172537847975064995e+00
2.800249297428975126e+01
5.887478754099046085e+00
2.680615811018798311e+01
3.065118232914819885e+01
3.251817394283264662e+01
2.578987032976100124e+01
1.380927214687563520e+01
1.508183740243690174e+01
1.044116431808446421e+01
2.801079931777117338e+01
2.480301162970141959e+01
7.731439925033411598e+00
1.346160998101096062e+01
4.777146184363629366e+00
1.174592577107391378e+01
3.237056407912776734e+01
3.049583902869828478e+01
8.375307946682045923e+00
1.672995088361444616e+01
3.210207342988331192e+01
