2.500000000000000000e-01
7.016666666666666607e+00
1.031666666666666643e+01
1.490000000000000036e+01
2.085000000000000142e+01
3.039999999999999858e+01
3.666666666666666430e+01
4.316666666666666430e+01
4.863333333333333286e+01
5.383333333333333570e+01
6.050000000000000000e+01
6.826666666666666572e+01
7.511666666666666003e+01
7.854999999999999716e+01
8.470000000000000284e+01
1.067500000000000000e+02
1.165333333333333314e+02
1.222500000000000000e+02
1.276166666666666600e+02
1.303166666666666629e+02
1.432500000000000000e+02
1.496999999999999886e+02
1.553166666666666629e+02
1.610166666666666799e+02
1.640833333333333428e+02
1.685500000000000114e+02
1.717166666666666686e+02
1.810333333333333314e+02
1.879833333333333201e+02
1.900333333333333314e+02
1.989333333333333371e+02
1.999833333333333201e+02
2.058000000000000114e+02
2.109666666666666686e+02
2.126166666666666742e+02
2.189666666666666686e+02
2.219833333333333201e+02
2.289666666666666686e+02
2.305000000000000000e+02
2.330333333333333314e+02
2.376333333333333258e+02
2.413333333333333428e+02
2.485999999999999943e+02
2.513333333333333428e+02
2.530000000000000000e+02
2.569833333333333485e+02
2.580166666666666515e+02
2.707666666666666515e+02
2.721999999999999886e+02
2.737666666666666515e+02
2.744833333333333485e+02
2.838333333333333144e+02
2.851166666666666742e+02
2.976666666666666856e+02
3.045500000000000114e+02
3.093666666666666742e+02
3.188500000000000227e+02
3.211499999999999773e+02
3.258999999999999773e+02
3.346833333333333371e+02
3.353833333333333258e+02
3.383333333333333144e+02
3.398666666666666742e+02
3.402333333333333485e+02
3.480000000000000000e+02
3.541999999999999886e+02
3.547166666666666401e+02
3.658999999999999773e+02
3.753000000000000114e+02
3.756333333333333258e+02
3.786833333333333371e+02
3.818000000000000114e+02
3.857833333333333599e+02
3.862666666666666515e+02
3.995666666666666629e+02
4.026999999999999886e+02
4.034499999999999886e+02
4.043333333333333144e+02
4.070500000000000114e+02
4.155333333333333599e+02
4.211000000000000227e+02
4.223999999999999773e+02
4.428666666666666742e+02
4.458333333333333144e+02
4.550666666666666629e+02
4.581333333333333258e+02
4.586833333333333371e+02
4.619166666666666856e+02
4.786999999999999886e+02
4.805833333333333144e+02
4.866999999999999886e+02
4.960666666666666629e+02
4.998833333333333258e+02
5.161666666666666288e+02
5.249833333333333485e+02
5.262999999999999545e+02
5.390499999999999545e+02
5.419166666666666288e+02
5.470666666666667197e+02
5.590666666666667197e+02
5.667166666666666970e+02
5.697333333333333485e+02
5.744166666666666288e+02
5.812333333333333485e+02
5.825166666666666515e+02
5.851499999999999773e+02
5.864166666666666288e+02
