2.143333333333333357e+01
2.376666666666666572e+01
2.908333333333333215e+01
3.773333333333333428e+01
4.076666666666666572e+01
4.648333333333333428e+01
5.373333333333333428e+01
5.750000000000000000e+01
6.350000000000000000e+01
6.903333333333333144e+01
7.975000000000000000e+01
8.086666666666666003e+01
8.241666666666667140e+01
8.543333333333333712e+01
9.154999999999999716e+01
9.729999999999999716e+01
1.029166666666666714e+02
1.069333333333333371e+02
1.158333333333333286e+02
1.247833333333333314e+02
1.255333333333333314e+02
1.279333333333333371e+02
1.345166666666666799e+02
1.378166666666666629e+02
1.544499999999999886e+02
1.556166666666666742e+02
1.593666666666666742e+02
1.614166666666666572e+02
1.742500000000000000e+02
1.767833333333333314e+02
1.778666666666666742e+02
1.841500000000000057e+02
1.865999999999999943e+02
1.888166666666666629e+02
1.900833333333333428e+02
2.036333333333333258e+02
2.167500000000000000e+02
2.250999999999999943e+02
2.263499999999999943e+02
2.314333333333333371e+02
2.328666666666666742e+02
2.371666666666666572e+02
2.516166666666666742e+02
2.532333333333333201e+02
2.617666666666666515e+02
2.648333333333333144e+02
2.669666666666666401e+02
2.808999999999999773e+02
2.816000000000000227e+02
2.949333333333333371e+02
2.970166666666666515e+02
2.981166666666666742e+02
3.035500000000000114e+02
3.054833333333333485e+02
3.304666666666666401e+02
3.338333333333333144e+02
3.443500000000000227e+02
3.448166666666666629e+02
3.471833333333333371e+02
3.496333333333333258e+02
3.535833333333333144e+02
3.672166666666666401e+02
3.702333333333333485e+02
3.863500000000000227e+02
3.877500000000000000e+02
3.886833333333333371e+02
3.995000000000000000e+02
4.011666666666666856e+02
4.015666666666666629e+02
4.073333333333333144e+02
4.094666666666666401e+02
4.159333333333333371e+02
4.167500000000000000e+02
4.187833333333333599e+02
4.256999999999999886e+02
4.321166666666666742e+02
4.385833333333333144e+02
4.408666666666666742e+02
4.438500000000000227e+02
4.479499999999999886e+02
4.603000000000000114e+02
4.629833333333333485e+02
4.689333333333333371e+02
4.715666666666666629e+02
4.897833333333333599e+02
4.966166666666666742e+02
4.983833333333333258e+02
5.015666666666666629e+02
5.109333333333333371e+02
5.286000000000000227e+02
5.308666666666666742e+02
5.349166666666666288e+02
5.390499999999999545e+02
5.407833333333333030e+02
5.418166666666667197e+02
5.457833333333333030e+02
5.510666666666667197e+02
5.516166666666666742e+02
5.543333333333333712e+02
5.569333333333332803e+02
