7.274044271187471988e-01
5.819731570082785632e-01
6.229810417933072664e-01
6.605265621113357577e-01
7.591836691338312848e-01
6.728239168299751105e-01
6.479044301779436354e-01
3.893522672708922827e-01
7.259077271066439740e-01
6.294856665133897744e-01
5.162056169383777426e-01
5.795757932642140453e-01
6.497317325276799060e-01
5.798201582248657671e-01
7.743492747759797012e-01
6.053687789053128210e-01
7.551508113952514201e-01
7.214551584584205646e-01
4.679620664098274596e-01
5.435956806015519449e-01
6.726549086048149162e-01
5.896700244218072706e-01
6.512509605949162728e-01
6.319984682048197522e-01
6.609993037020786000e-01
5.876605079916384922e-01
6.485115772455287697e-01
5.509072804583342586e-01
5.753211422181265799e-01
7.016489508764106597e-01
6.604945989164753284e-01
6.852124411717932517e-01
6.905541145988740581e-01
7.499425198689777528e-01
6.802941041962503599e-01
6.647728930670768754e-01
4.563268097256673039e-01
5.626527605608930838e-01
6.557928466486464547e-01
6.632587184765474930e-01
7.446600772412261815e-01
6.781555694375356325e-01
6.981117641687500930e-01
6.490426276084871882e-01
6.745735326807198451e-01
7.534595116773971091e-01
6.181291355359644912e-01
6.644246823842081540e-01
5.923610894209582201e-01
6.463367449780230700e-01
6.443643081913137394e-01
5.100424099685392232e-01
5.527330105015539896e-01
6.405332955968470188e-01
6.411053129774996195e-01
7.041886846247416010e-01
6.266915883970023415e-01
5.918933979356938435e-01
5.015457052420992934e-01
6.636038369671587445e-01
6.541741109791178177e-01
6.591781018459801356e-01
5.967697197589768576e-01
6.280084508805066079e-01
6.240888989867789949e-01
7.146972176495274276e-01
6.955341117055968692e-01
4.773594197593229449e-01
6.783203463089535479e-01
6.748490690932953395e-01
6.143851181742866485e-01
6.998880908751266006e-01
8.332035643138396841e-01
5.203041315067070682e-01
7.028892153442234392e-01
6.644699333106587336e-01
7.248612417486333115e-01
7.313515704519000238e-01
5.760043090919602093e-01
6.585067915358263635e-01
6.146752571989676506e-01
6.502400616031104308e-01
6.570641899397878793e-01
6.197442535238769645e-01
5.767823553723064878e-01
5.700747682406790418e-01
6.203499326380074175e-01
6.493069641971851436e-01
7.599591028345616950e-01
5.023353057691906098e-01
6.319380538543805104e-01
6.260090324138241069e-01
6.777644188755402865e-01
7.015564158364736569e-01
3.827993707008272573e-01
9.801962321137193124e-01
7.274458249050849146e-01
5.991957541747615634e-01
6.410683228848915727e-01
1.188579821006847004e+00
6.924343542138581276e-01
6.638977573451279035e-01
5.870016109065773202e-01
5.910841287036464609e-01
6.509931284538333918e-01
6.641638692465267058e-01
6.991646508281929018e-01
6.612438994690705840e-01
5.067776720460142048e-01
6.390517117800459390e-01
5.943820336580620811e-01
5.693719188862838010e-01
7.436897220176342804e-01
5.304316940298804406e-01
6.532701074780675743e-01
5.242727257566798249e-01
7.273213653133074885e-01
5.569479701322825882e-01
5.949530043394338774e-01
6.840133298895761937e-01
6.415271474539804286e-01
5.836479194758862343e-01
7.158756649109750958e-01
4.527331309408396121e-01
6.257743873800859502e-01
5.974410585710597799e-01
6.489827787177501195e-01
6.858932108297767227e-01
6.173737382770922988e-01
7.053505855036837913e-01
6.517926564730192052e-01
6.345542888945601145e-01
6.213507720328107498e-01
4.560223967125944244e-01
6.136754268728146222e-01
6.795694520331084787e-01
6.807085443440109573e-01
5.635036687228353047e-01
