nan
nan
nan
nan
nan
3.031358346243279156e-01
3.455363110175247998e-01
5.316401041658528337e-01
5.524016970237632940e-01
6.361665488062688834e-01
7.835389336945909333e-01
8.400444035276547483e-01
7.327777460067420590e-01
7.317310008394781740e-01
4.706922588848904132e-01
2.970713756295536578e-01
2.904669174490056571e-01
2.221505052341350428e-01
1.560625454836866988e-01
1.008178465412173930e-01
6.924625390777816580e-02
1.684698877908288317e-01
1.284840596127816426e-01
1.476303316379168340e-01
1.842312814250214315e-01
1.693751650785860763e-01
1.114915606019936112e-01
8.392172494770810953e-02
8.320738117090786812e-02
9.793351608180211887e-02
6.408327300574523377e-02
3.779342296573184878e-02
4.995141319821583270e-02
3.720329141803480066e-02
3.967379527965675390e-02
4.802738291064845289e-02
3.406916403468918109e-02
3.980431107165560700e-02
1.546281280783143863e-01
1.934732608600900905e-01
1.898579826156805428e-01
2.277091620554546614e-01
2.417236543971730267e-01
2.243444798583424937e-01
2.263205537093763153e-01
nan
