6.203173290325207923e-01
7.650743637319146195e-01
8.831551564593064230e-01
7.607656998086349542e-01
8.777867083281511995e-01
7.840027533303713936e-01
8.289578791136181790e-01
8.127921348945232882e-01
8.646404313017183041e-01
8.276736504316931642e-01
7.111558101225523565e-01
7.914575911627548255e-01
8.779325468850447400e-01
7.664797536303672443e-01
8.110676334530854126e-01
8.759790588368764341e-01
6.026294867397177235e-01
8.050648587900627318e-01
8.381172682745022806e-01
7.903257775092720205e-01
8.311603867795247513e-01
8.074445638600309394e-01
8.224215096211651144e-01
5.468680116992936657e-01
8.383823923303771464e-01
8.364212600461496949e-01
9.393578766450310091e-01
7.840383306353192472e-01
8.801630637403877744e-01
7.285872277174644251e-01
8.310358157523751732e-01
7.598109422028460624e-01
8.632521269240737150e-01
7.880668859188767472e-01
7.735236505403690899e-01
8.527737114728028978e-01
1.160235469963597499e+00
8.283764982494039586e-01
7.973131251217568938e-01
8.235482035446216598e-01
8.450839361031262653e-01
8.138138858239426510e-01
6.653635779324463817e-01
7.997981471742400261e-01
5.473239041035367070e-01
7.897322645133499908e-01
8.456481856425511756e-01
7.987423644637646758e-01
7.506099867602233910e-01
8.365058726413462376e-01
8.407902175649906162e-01
7.550647368385057234e-01
8.209241477884257066e-01
8.027329762151089732e-01
7.880503308521088490e-01
8.707254213546252730e-01
8.564574931413789782e-01
9.157630234734006613e-01
8.286069842650044537e-01
7.511320974365685021e-01
7.628422246010677643e-01
8.233588860060467862e-01
7.677525060487846442e-01
8.194375350624022447e-01
8.667873739879246031e-01
8.404005889915606708e-01
8.155749791832976880e-01
6.959167672294256368e-01
1.274759087608338115e+00
7.817607017978730477e-01
7.850096427694802648e-01
6.451279180044412476e-01
8.505823833111730847e-01
7.241131787097810912e-01
7.284790304614193746e-01
8.611725295624068632e-01
7.894635825284649355e-01
7.298187639136903826e-01
8.943945581701905345e-01
8.405112819735199858e-01
8.510947550475361778e-01
7.382331693375318027e-01
8.771938195373332192e-01
8.546263574114640882e-01
8.079873303756721636e-01
8.155053563374576875e-01
8.426369281085454022e-01
8.111123855780374425e-01
7.939316774017265432e-01
7.634652859623475285e-01
7.362212456978523001e-01
8.525471789308880499e-01
7.810275314360159982e-01
8.352831083012915991e-01
8.798624568209857388e-01
7.134007591398517922e-01
6.335799551916420080e-01
8.426287795744178410e-01
7.180472066313131618e-01
7.144496915100989609e-01
8.573351718385242570e-01
8.939770304822195479e-01
8.633304433785724541e-01
8.266229486011025251e-01
8.811378182947419146e-01
6.884567826680949576e-01
6.514103598000247075e-01
8.699700180679473815e-01
5.768657595782178404e-01
8.022692690044073149e-01
8.153837613893801795e-01
6.971557847858298462e-01
7.691101477835877720e-01
8.422194560830666976e-01
8.846895551201805485e-01
7.494243823974489072e-01
6.820800418663475195e-01
7.254817239116755356e-01
6.810293831644708140e-01
8.739224206755011881e-01
7.749623074398209743e-01
8.475371533310317451e-01
7.695171980056647598e-01
7.945122598528655544e-01
8.439457934058054445e-01
5.694488577908010107e-01
7.916506889650167800e-01
6.232133727358768471e-01
6.311317481502419779e-01
8.071844531613669993e-01
8.903624825847487045e-01
8.297953035276441902e-01
7.405693668486083014e-01
8.122377287403378388e-01
7.863176933680279257e-01
5.466096750383030445e-01
8.006061361920887576e-01
7.928725668346578992e-01
8.086869927461247665e-01
6.808902716574494196e-01
8.222362221475100208e-01
8.204260260276100558e-01
6.914336968165776254e-01
7.269356644888216312e-01
8.288725017880347323e-01
5.846857939814412708e-01
8.171942842478346902e-01
7.586113003720333925e-01
8.519722334247217255e-01
8.558596539238965129e-01
7.975944914848901446e-01
8.071577203288279323e-01
7.685314456609739775e-01
7.627526129344847083e-01
8.068019343087985407e-01
6.966997544584182522e-01
8.119815405072268177e-01
8.448711058200069068e-01
7.738428784207462829e-01
