9.833333333333332815e-01
3.416666666666666519e+00
6.883333333333333748e+00
9.083333333333333925e+00
1.316666666666666607e+01
1.680000000000000071e+01
1.868333333333333357e+01
2.089999999999999858e+01
2.685000000000000142e+01
3.013333333333333286e+01
3.431666666666666998e+01
3.916666666666666430e+01
4.298333333333333428e+01
4.788333333333333286e+01
5.158333333333333570e+01
5.703333333333333144e+01
6.191666666666666430e+01
6.590000000000000568e+01
7.034999999999999432e+01
7.634999999999999432e+01
8.091666666666667140e+01
8.591666666666667140e+01
8.778333333333333144e+01
9.250000000000000000e+01
9.591666666666667140e+01
1.022500000000000000e+02
1.044166666666666714e+02
1.096166666666666600e+02
1.139333333333333371e+02
1.195666666666666629e+02
1.229500000000000028e+02
1.273499999999999943e+02
1.288499999999999943e+02
1.323666666666666742e+02
1.365666666666666629e+02
1.403333333333333428e+02
1.427333333333333201e+02
1.484666666666666686e+02
1.512500000000000000e+02
1.539166666666666572e+02
1.599000000000000057e+02
1.632166666666666686e+02
1.663333333333333428e+02
1.690833333333333428e+02
1.729833333333333201e+02
1.763000000000000114e+02
1.795666666666666629e+02
1.838333333333333428e+02
1.863166666666666629e+02
1.901833333333333371e+02
1.940166666666666799e+02
1.989000000000000057e+02
2.018499999999999943e+02
2.082666666666666799e+02
2.102500000000000000e+02
2.142333333333333201e+02
2.198666666666666742e+02
2.237166666666666686e+02
2.265999999999999943e+02
2.291833333333333371e+02
2.331666666666666572e+02
2.391666666666666572e+02
2.412833333333333314e+02
2.457500000000000000e+02
2.489666666666666686e+02
2.524499999999999886e+02
2.563999999999999773e+02
2.598000000000000114e+02
2.653166666666666629e+02
2.660333333333333599e+02
2.708166666666666629e+02
2.738999999999999773e+02
2.781166666666666742e+02
2.806666666666666856e+02
2.853833333333333258e+02
2.931833333333333371e+02
2.949499999999999886e+02
2.990500000000000114e+02
3.023333333333333144e+02
3.069833333333333485e+02
3.097166666666666401e+02
3.138500000000000227e+02
3.179499999999999886e+02
3.221999999999999886e+02
3.275166666666666515e+02
3.305000000000000000e+02
3.335500000000000114e+02
3.383000000000000114e+02
3.450000000000000000e+02
3.480833333333333144e+02
3.493833333333333258e+02
3.513999999999999773e+02
3.555000000000000000e+02
3.584166666666666856e+02
3.603666666666666742e+02
3.642333333333333485e+02
3.683999999999999773e+02
3.709333333333333371e+02
3.735666666666666629e+02
3.775166666666666515e+02
3.821166666666666742e+02
3.856999999999999886e+02
3.883666666666666742e+02
3.912500000000000000e+02
3.958333333333333144e+02
3.978833333333333258e+02
4.038666666666666742e+02
4.061333333333333258e+02
4.121499999999999773e+02
4.148833333333333258e+02
4.203000000000000114e+02
4.269833333333333485e+02
4.321166666666666742e+02
4.371499999999999773e+02
4.400333333333333599e+02
4.450166666666666515e+02
4.502333333333333485e+02
4.548666666666666742e+02
4.633333333333333144e+02
4.656000000000000227e+02
4.711166666666666742e+02
4.750666666666666629e+02
4.797500000000000000e+02
4.833333333333333144e+02
4.882166666666666401e+02
4.920833333333333144e+02
4.958333333333333144e+02
5.024333333333333371e+02
5.045333333333333599e+02
5.116666666666666856e+02
5.183666666666666742e+02
5.203333333333333712e+02
5.246499999999999773e+02
5.292999999999999545e+02
5.342666666666666515e+02
5.392166666666666970e+02
5.450833333333333712e+02
5.496833333333332803e+02
5.534833333333333485e+02
5.581833333333332803e+02
5.623999999999999773e+02
