3.032416609152392001e-02
9.082288110932239950e-03
1.248358494862543411e-02
-1.325088307978148847e-02
9.885189538881605092e-03
-3.442066838816799576e-03
1.725554253530390408e-02
2.941047009025624104e-02
-1.680983449997256601e-02
5.322401520363655852e-03
-2.404255824509959980e-03
1.824416594125409519e-02
-1.497844558819508634e-02
-3.252128566714418493e-05
-2.517745132466529812e-02
-1.327553773560111866e-02
-1.287226994622699301e-02
6.600910322407571758e-03
-1.999884692383943618e-02
9.744324509928219830e-03
-1.942056332306606181e-02
1.150326909764828529e-02
-4.617430422922580262e-03
-1.343952745564422520e-02
-9.424767389326120515e-03
2.311951996748803223e-02
1.009333584958085374e-02
-2.525581939279391078e-03
1.027323199941804384e-02
1.017691957417810045e-02
-1.923725303155379100e-03
-2.350516189323570773e-02
-2.540656256843817559e-02
-2.462814993450592859e-03
-3.739671985939566068e-02
-1.558671198891545435e-02
-4.562778227936518938e-02
1.390912135187022565e-02
-1.330762248733606198e-02
2.331091781343275270e-04
-1.556006747730407291e-03
2.590443870418198541e-02
2.323979239800132712e-01
5.289830331507573702e-02
1.483455730715490910e-02
-1.417917074678484886e-02
3.187728018451139317e-02
1.114723541581668156e-02
-3.858097698082474207e-03
1.107629931737733400e-02
-2.843633884217524645e-03
3.514189423360335185e-02
-3.828657436108755946e-02
1.584314783090917320e-02
8.433850710516707649e-03
2.189231001169446300e-02
-1.806717526641193547e-02
-1.431715131409419008e-02
-1.340399344064735401e-03
-3.026013234391371209e-02
1.232623500926308645e-02
-1.457189921350902743e-02
-1.347015801710540420e-03
-9.098082389389219177e-03
6.272223047949410449e-03
1.963699957925655465e-02
1.538833885354165369e-02
6.948524731953966381e-03
6.426699939196220054e-03
9.052499983631605296e-03
-7.386912433003089799e-03
9.958204366153040193e-03
-2.446327394074387582e-02
9.114941793371258982e-03
-6.583441152814088759e-02
-8.800031554069392623e-03
-2.117846154515063990e-03
2.091023680483942992e-02
-3.235322873698351365e-02
-2.567255323391521085e-02
9.449986451861604186e-03
2.171220387949233596e-02
-9.392871317224830985e-02
-2.658852505346828710e-02
1.216944977393584315e+00
1.252560934403618327e-02
-3.301798791557643969e-03
-1.443193935391150207e-02
9.331082370615605137e-03
-3.905021758246220859e-02
1.353884245529002328e-02
1.404207250525132608e-02
-4.361881184133835528e-03
2.161818963646851277e-02
-2.853727331740117321e-02
1.783433349162351009e-02
2.128203500023005332e-02
7.758864806477483184e-04
1.102468785542328085e-02
1.140214948649941051e-02
5.931050433383689389e-04
-2.486971423723048288e-02
1.067225074945554221e-02
-7.933710470511092828e-04
1.076663842766549875e-02
-3.598172184849772817e-03
-2.260149507162054899e-03
-2.816029390764583640e-02
-1.221110420893864977e-03
-1.439329325473181521e-02
4.953230204250758161e-05
