nan
nan
nan
nan
nan
6.562999999999999945e-01
6.041999999999999593e-01
5.682000000000000384e-01
5.470000000000000417e-01
4.794999999999999818e-01
4.489000000000000212e-01
3.613999999999999990e-01
3.538000000000000034e-01
3.255000000000000115e-01
3.094000000000000083e-01
3.153000000000000247e-01
2.987000000000000210e-01
2.926000000000000267e-01
2.531999999999999806e-01
2.543000000000000260e-01
2.437999999999999889e-01
2.321999999999999897e-01
2.336999999999999911e-01
2.187000000000000055e-01
2.172000000000000042e-01
2.051999999999999935e-01
1.892000000000000071e-01
1.953000000000000014e-01
1.938999999999999890e-01
1.894000000000000128e-01
1.880999999999999894e-01
1.839999999999999969e-01
1.809999999999999942e-01
1.756000000000000061e-01
1.744999999999999885e-01
1.674142857142857099e-01
1.770444444444444487e-01
1.764027027027026961e-01
1.582000000000000073e-01
1.667487179487179560e-01
1.647000000000000131e-01
1.704073170731707221e-01
1.719952380952380899e-01
1.689860465116279076e-01
1.713181818181818139e-01
1.847444444444444334e-01
1.541695652173913078e-01
1.390574468085106485e-01
1.431333333333333346e-01
1.474102040816326620e-01
1.262999999999999956e-01
1.360137254901960802e-01
1.307615384615384568e-01
1.229528301886792518e-01
1.205962962962962987e-01
1.129000000000000004e-01
1.045999999999999985e-01
1.121000000000000052e-01
1.029999999999999943e-01
1.111593220338983057e-01
1.018666666666666609e-01
1.099721311475409802e-01
1.095806451612903187e-01
1.088968253968253946e-01
1.049250000000000044e-01
9.726923076923077449e-02
1.063333333333333353e-01
8.870000000000000107e-02
9.283529411764705752e-02
9.037971014492753030e-02
8.909999999999999865e-02
9.727042253521127335e-02
9.192222222222222461e-02
9.431506849315068886e-02
9.765135135135134814e-02
9.553333333333333122e-02
9.346315789473684521e-02
8.904285714285714581e-02
8.517435897435897407e-02
9.735949367088607420e-02
9.329999999999999405e-02
8.749753086419753689e-02
8.872682926829268679e-02
8.496987951807229156e-02
9.378095238095238151e-02
8.891764705882353181e-02
9.810232558139535264e-02
9.136321839080459306e-02
9.454545454545454364e-02
9.400112359550562291e-02
8.967777777777777293e-02
9.297472527472527837e-02
8.879130434782608883e-02
9.233010752688172729e-02
1.029042553191489295e-01
9.891052631578947651e-02
1.131666666666666654e-01
1.093690721649484554e-01
1.102224489795918388e-01
nan
