-1.512780133076239431e-01
-8.016542485388924999e-02
-1.169311090413003781e-02
1.139752521717991851e-01
-2.287191181454772959e-02
-7.568741218895411182e-02
1.804601890365483963e-01
-1.034626789382122047e-01
-9.606960331211211734e-02
-2.377087530760104428e-01
7.668639592020326523e-02
-4.145156702108522551e-02
-2.590094962911589915e-01
1.439860376321087099e-01
4.420778904002002907e-01
-7.838914784671033309e-02
-3.257787202979750329e+00
-2.838142508892417260e-01
-1.508757307878681730e-02
6.902005627673074573e-02
6.431358580100322853e-02
-1.520212584412433850e-02
1.374959142087129882e-01
2.558401504467360810e-01
2.391979906460727501e-01
-1.952950066380154323e-02
6.583891993356189021e-02
2.064886615400450820e-01
-8.314878829596636378e-02
-9.234877307753606990e-02
7.042597732587342341e-01
5.419789562675418615e-02
-1.031926665075920402e-01
-1.059269560528406373e-01
-7.115012210430222278e-03
-1.766598745202884249e-02
-1.631071616612052855e-01
1.275902177332284282e-01
2.673085476529649812e-02
-8.871928734935238814e-02
-8.569620416099337223e-01
-2.055743807816156829e-02
-1.095390019464798637e-01
1.164730787207648166e-01
-4.038959935243838228e-02
-8.336611261716552201e-01
1.076306015255863724e-01
-9.641389532699350118e-02
-1.892195007883657257e-02
-4.721636761905244617e-01
5.686175827121246751e-02
1.812246042557660586e-01
-9.367484914937449295e-03
7.158078732865646998e-02
-1.965753638923780633e-01
1.374265066098155352e-01
-8.165637589024526966e-02
-3.112561173708058848e-01
-1.616473195299579502e-01
-6.250859720485664288e-03
-3.547661429106574449e-01
-2.349131092075253807e-02
-8.860295124614708806e-02
6.874528637038451739e-02
-3.551100408628588001e-01
-2.619593978579951021e-01
5.936420967373692154e-02
-2.463118491386126138e-02
-1.046808459731894292e+00
-1.636882912768078402e-01
-4.587366047736054497e-01
-1.663560393675390936e-01
-4.204829592594024057e-02
3.453898363066537081e-01
3.446507245135205788e-01
3.525848151910645489e-01
-1.440905308518199424e-01
-9.623278593740280940e-02
5.031732259311411104e-02
1.329015573618516910e-01
6.451899884075100733e-01
1.282455335141270414e-01
-9.728413982262623660e-02
4.706709971716918628e-02
-4.838656501445677827e-01
-7.867046169242200571e-02
1.580080330248284648e-01
1.721238285654020988e-03
-1.035176070522464964e-01
-1.776004420918911864e-01
2.615531988016436826e-01
5.263053263746996641e-02
1.415460288758845220e-01
5.253636711328454195e-02
7.532746121204042522e-02
-4.286690031047470373e-01
7.526001408124670389e-02
-2.318947660586502535e-02
-3.390551041589480730e-01
-7.822570241800348712e-02
-1.049233581547071026e-02
6.445745995398396988e-02
-1.730189368720829249e-02
8.001991146524986553e-02
-7.971857176827484848e-02
1.546131356088750464e-01
6.630486864187730423e-02
-9.282755978245972595e-02
-7.471747680148041471e-02
-2.367547695167377120e-01
2.199202998081579985e-01
5.524221620544210454e-02
-8.439454479950087018e-02
-9.373524414233770641e-02
-2.355213039485795357e-01
4.774415873926955017e-02
-8.229316081764352642e-02
-3.040651706891452435e-02
2.161049309505585769e-01
4.669670585783819439e-02
-7.698311154349880836e-02
-1.116962069699550808e-01
7.347127932975525133e-02
4.713595367776065442e-02
