nan
nan
nan
nan
nan
1.989741548112666791e-02
9.273218787198778124e-03
2.227030106399696674e-02
2.624868382272460554e-02
2.278991989219736336e-02
4.229679667081487349e-02
4.048696271875118491e-02
2.983166959528715800e-02
2.360973990489323437e-02
2.751382427896598148e-02
2.572945114581570714e-02
2.169642588114906179e-02
2.417154696029910621e-02
2.080946632134617058e-02
2.104208140106378355e-02
3.850302807421157603e-02
3.952572370531659551e-02
2.933276208086488257e-02
3.196836802754898788e-02
4.024331462168151408e-02
5.475157288495235974e-02
5.347643439272520283e-02
5.175590060365220513e-02
6.632983971464589956e-02
4.482366161230166846e-02
4.535356299889403697e-02
5.129088169158368959e-02
6.566843631819585525e-02
5.581522588476228730e-02
5.367130184171653440e-02
7.994219236895705460e-02
7.710486319346399053e-02
7.045163056745495922e-02
5.753638563455554245e-02
4.623748488718970595e-02
5.928177475269369445e-02
3.754427494432543977e-02
5.194551926141965925e-02
4.339403363064131547e-02
6.343758950505384853e-02
4.201074155058825976e-02
7.225256723789974522e-02
3.915654497863152450e-02
4.474575673794134456e-02
3.387961548546303270e-02
5.611406900350746074e-02
4.105092500394957877e-02
3.730726759531854952e-02
4.970223264212236813e-02
3.553071303016741567e-02
3.077347796983143091e-02
3.211008678959870188e-02
2.842767887216002265e-02
3.062261411284217250e-02
2.906252927217489734e-02
4.191694203848805866e-02
5.031143365699353165e-02
4.595547330536298158e-02
4.822338779980306356e-02
7.925017624956720574e-02
1.373077514262933674e-01
9.960214216906704277e-02
1.201682699163315604e-01
6.753055840822363987e-02
9.492963005572097046e-02
1.220788444927818350e-01
9.728617770701397660e-02
7.619283209518867839e-02
1.045433040797557611e-01
1.011097389243318379e-01
9.403680358605748246e-02
2.065896219329663719e-01
2.534441749837119673e-01
2.896843999119059765e-01
3.060628086402824577e-01
2.817599439009120799e-01
2.943846659811706346e-01
3.097007800948898826e-01
2.807257897404129565e-01
2.663582291901244181e-01
2.913572519372050751e-01
2.896319211515064884e-01
3.428711062377374219e-01
3.615540293547079287e-01
2.367509673774990109e-01
2.966373323819435637e-01
3.526444749304790127e-01
2.453112539871086240e-01
2.460359480162536139e-01
2.818432968475784728e-01
2.107031061973947406e-01
2.594230716257112102e-01
3.996728814560298604e-01
2.578753315029548299e-01
3.431140950418590796e-01
3.196485178877367384e-01
3.017396579106662591e-01
3.470240011869818453e-01
2.377972127003461500e-01
1.836389073538144956e-01
2.852206983478633440e-01
2.304337609104351037e-01
2.809259664872234552e-01
1.653492244643482989e-01
1.868855560973066154e-01
1.698049903365147495e-01
1.518307382959156460e-01
2.122911645755382049e-01
1.613837835779736718e-01
1.193653523734009569e-01
1.114256995396021299e-01
5.589180478510946681e-02
3.798534273973297459e-02
3.671431594193563797e-02
2.269123445241538750e-02
1.736134131280075987e-02
2.304833658943383767e-02
2.207670507513981306e-02
1.133752360194772990e-02
1.401572510038096020e-02
5.963017503080592085e-03
3.052465427025197187e-03
5.328685535888832980e-03
5.301574794798091794e-03
2.812693621081607809e-03
2.242527360176271856e-03
4.455378102787843630e-03
2.199575098652872818e-03
1.354754050461148829e-03
6.009541544279572989e-04
4.799561222880166511e-04
9.837197169995093304e-04
3.634715154299250628e-04
1.034592835852499171e-03
7.886286693612465371e-04
2.650982421412706458e-04
1.407576113564568132e-04
7.462073967412496955e-05
8.833118714979271147e-05
7.308887576440437073e-05
1.089490914125690324e-04
1.592567370700681550e-05
1.777592890594981156e-05
7.317016113073115946e-05
9.313004761668519649e-05
6.967892513054518844e-05
4.319112519124423955e-05
6.555138902220036812e-05
6.204631081807576720e-05
1.001065169834447488e-04
nan
