-6.542383065850625457e+00
-7.944055530010878385e+00
-1.047346489340771214e+01
-1.800369225800574924e+01
-9.811111560533014142e+00
-1.181580245043915411e+01
-2.646980053321589921e+00
-4.382299329986880210e+00
-5.645767292220732259e+00
-1.909091451395545036e+01
-1.964008268300068494e+01
-2.138365090285844872e+01
-4.543362811414462854e+00
-8.210558149373014203e+00
-1.087860572439583962e+01
-3.153240746477511181e+00
-1.822537923288712847e+01
-1.507449524240892202e+01
-9.636223718523289961e+00
-6.927824553202791336e+00
-7.282513816660408423e+00
-8.774455596411716130e+00
-1.436287671911170705e+01
-2.179872245893117721e+01
-1.390643381497410758e+01
-1.832104232023713308e+00
-2.275463318642048094e+00
-9.362858009132985160e+00
-6.361674937246267092e+00
-2.584668168193363869e+00
-8.606896166199625497e+00
-1.725755252538779061e+01
-5.580576674754297528e+00
-6.450049821569731279e+00
-6.990505912810560218e+00
-4.871616248342062860e+00
-8.731184800529835144e+00
-4.388579272357539196e+00
-1.086873836735906806e+01
-3.399946176487040006e+00
-1.604380925247612666e+01
-1.242964818348035294e+01
-4.895317342061716204e+00
-1.049058175422501904e+00
-1.786528566839734466e+01
-1.084732456790827015e+01
-4.375075978975845103e+00
-1.377850711486725643e+01
-2.009265292704349548e+01
-2.486551348369840042e+00
-2.802847379811947093e+00
-2.040359555979189210e+01
-1.821541876921425285e+01
-6.991190238055867923e+00
-1.785174400165245245e+01
-1.260019536647136817e+01
-4.433072919075485174e+00
-7.856789405515055336e+00
-1.021627929373836707e+01
-1.740310838483477696e+01
-2.136148792971677679e+01
-2.793195352849597413e+00
-7.212933256631279377e+00
-2.175710035572205214e+00
-3.956730829179377906e+00
-1.613249857192676373e+01
-1.474623275097684427e+01
-2.147708031295292841e+01
-6.637741415244295951e-01
-1.141197207595645224e+01
-1.967175964275876510e+01
-1.164121922628769923e+01
-1.713319208698748852e+01
-1.843323792406889439e+01
-1.041821683288920042e+01
-6.665410807983539243e+00
-1.495886785098440797e+01
-4.385128201777749979e+00
-1.370451159934992447e+01
-1.000583375994521518e+01
-1.465998058214081112e+01
-1.440849048919166364e+01
-7.459309562847742825e+00
-6.620396081094149565e+00
-9.249037070115132764e+00
-1.332733362011961731e+01
-7.121309204731691267e+00
-6.813360233577315128e+00
-1.082341076048553319e+01
-9.416203259991032581e+00
-1.275582692644721661e+01
-1.079423432269405225e+01
-3.630473424759363965e+00
-1.193413301667814252e+01
-1.415412915668358096e+01
-8.662370088291424963e+00
-1.457373422064921442e+01
-8.442851291540037550e+00
-1.948719312593160069e+01
-2.330390944050274626e+01
-1.240983264802183328e+01
-1.465066502971985685e+01
-1.765895689890118803e+00
-1.253857140363561484e+01
-6.217184608544634727e+00
-1.088371134337052126e+00
-2.102695803647352335e+01
-7.365755312674409083e+00
-1.667379643270595224e+01
-4.638519095564374695e+00
-3.469158493458348147e+00
-6.352846075650537827e+00
-3.305212799948726854e+00
-1.079461664484107786e+01
-9.325947949559267869e+00
-2.112853099030286330e+01
-2.569742256232038002e+00
-3.329763682616121656e+00
-2.137858382544579428e+01
-7.098833977442509990e+00
-1.097188527259331892e+01
-1.927797222937988408e+01
-1.942376015593548644e+01
-3.720159009533372085e+00
-1.553686902814171233e+01
-1.619764145521372356e+01
-1.971547327126133453e+01
-1.938182468941297998e+01
-1.210238865539468378e+01
-1.181848885732112464e+01
-1.640844877883740338e+00
-4.032934970484850723e+00
-8.848579681241350414e+00
-2.649093986194914763e+00
-9.148802882162037520e+00
-2.545456777182737440e+01
-2.104846379406343004e+00
-6.775870842226327184e+00
-3.698546696181969295e+00
-1.843937990821921247e+01
-1.722024509820042582e+01
-1.401291074028694439e+01
-1.358909303260315582e+01
-2.648283492913828141e+00
-8.793049842557287832e+00
-2.387312656564315105e+01
-1.856192085390582847e+01
-1.434667142781156812e+01
-1.560442278026465246e+01
-6.230223796709942974e+00
-1.228902785666949171e+01
-3.730799154961268016e+00
-3.928012216729257489e+00
-7.950478448000861675e+00
-2.712806457254201220e+00
-1.588742408096367598e+01
-1.057041060268982591e+01
-1.447545680127283063e+01
-1.034228142064534595e+01
