-2.491178505478273963e-02
3.129080452530274420e-02
-3.767853529145668429e-02
1.660122762672756533e-02
-2.936280803404543033e-02
3.460478044538035924e-02
-1.666568330769109541e-02
1.909654990557157692e-02
4.558655742912776782e-02
5.898982931284990627e-04
-2.299473828061764091e-02
1.198998158702124740e-03
1.545983279218376104e-02
8.334108015045558343e-03
-2.945609088434366675e-03
-4.860663565346499092e-03
2.931378458896460870e-02
-2.040641805616814908e-02
-8.134894891052795937e-03
1.012184815343005091e-02
2.088700086428730077e-02
2.085929628468079569e-02
6.849652003559413005e-02
-4.939142601468802379e-03
-5.999572461387287642e-03
2.273076988353011502e-02
1.664024033875648439e-03
6.587159908527837580e-03
5.478407763524728927e-03
1.678101340491536947e-02
9.681469311669934491e-03
1.298241426209358410e-02
1.857527211358842717e-02
1.983858455221820805e-02
3.951125537732077392e-02
-9.796406066238319207e-03
-1.426261988870464875e-02
-1.358578657036900970e-02
-2.055103403235648482e-02
5.420566194404045912e-02
3.392616456402492830e-03
4.871180119454266051e-03
-3.448283232386302379e-03
-2.318439742574980589e-02
6.279817148654273651e-02
-7.915159233651252596e-03
