5.526560549409563805e+01
5.526249619273956171e+01
5.592107683740905344e+01
5.726194386825488891e+01
5.799133997616733893e+01
5.597390953148497061e+01
5.557085021805396252e+01
5.548553870877457683e+01
5.547296615133201669e+01
5.526873051921892710e+01
5.585179936935158196e+01
5.597069600174921078e+01
5.534925076510059228e+01
5.583449611572525129e+01
5.520890052795864733e+01
5.505899127466756227e+01
5.607827186750387938e+01
5.560972114951889722e+01
5.564036010003261623e+01
5.508292944833264215e+01
5.581937641597661326e+01
5.578914183579947661e+01
5.528404662604769726e+01
5.525160159978569396e+01
5.569612836415029022e+01
5.585656934069007207e+01
5.513381455955362753e+01
5.527022127325660961e+01
5.566454477849732285e+01
5.563940280095989266e+01
5.558496043506706741e+01
5.597121293382959806e+01
5.568184712741719267e+01
5.601820351326460212e+01
5.522733123334370475e+01
5.594553397562795993e+01
5.561682542107671878e+01
5.563606327770932580e+01
5.503852561327263970e+01
5.559266444120778772e+01
5.584762194630602039e+01
5.506640057773459773e+01
5.533400323117432151e+01
5.530230208819004645e+01
5.592596373424029110e+01
5.557766851199440339e+01
5.541711348271856252e+01
5.516900061450280646e+01
5.520653946206785889e+01
5.510965798861911225e+01
5.593000636153196581e+01
5.508033456778007775e+01
5.529505746083025741e+01
5.556075628129173083e+01
5.551184008968193950e+01
5.566845388518490267e+01
5.600967275734988249e+01
5.538456125699070753e+01
5.580248517000197950e+01
5.581492585385782235e+01
5.504446119900030254e+01
5.545317208658921260e+01
6.017024910645366731e+01
5.566921436054569483e+01
5.603545202879188736e+01
5.557874667698474980e+01
5.567001224712942786e+01
6.027488409587608231e+01
5.563226938960770696e+01
5.524887513769591152e+01
5.536012220030380604e+01
5.500162911528410348e+01
6.794159508463334873e+01
5.519935120929424244e+01
5.604020841997373736e+01
5.513039708444414089e+01
5.503935246266510006e+01
5.501421168789921268e+01
6.363275775280109769e+01
5.605824348967831128e+01
5.586620902131370059e+01
5.523643467939181306e+01
5.583486204695093136e+01
5.510167883442213821e+01
5.737010771744272120e+01
5.540703956447480039e+01
5.568347992576353533e+01
5.530445652204522133e+01
5.613032824395080667e+01
5.577774029682326784e+01
5.554321252170031897e+01
5.532883409313716783e+01
5.583532512425252037e+01
5.575782482797328043e+01
5.807960715892483705e+01
5.579470501929854009e+01
5.604266417252183174e+01
5.583394547805777108e+01
5.575055441298249548e+01
5.636791005245804342e+01
5.524065764852340976e+01
5.609301919713927731e+01
5.504699289079120206e+01
5.514370031899717617e+01
5.543432461559971358e+01
5.576402250447222997e+01
5.591434395977577054e+01
5.591870437436305963e+01
5.517605945093276887e+01
5.556704045427179750e+01
5.574858484528954250e+01
5.549195238394082708e+01
5.543994078752162835e+01
5.579231671503105616e+01
5.583106185533241472e+01
5.516264377701586596e+01
5.528271636986887927e+01
5.503916307374876737e+01
5.528056111284720231e+01
5.578491856797032966e+01
5.504347444756159291e+01
5.529609062565064193e+01
5.570144237736327852e+01
5.532970924916482147e+01
5.587817629903797467e+01
5.583117992747472158e+01
5.571234172456148315e+01
5.538326722502326760e+01
5.507457121726348248e+01
5.583459672517533789e+01
5.542894254506946794e+01
5.583179869635127801e+01
5.590480615303788881e+01
5.564663129984785428e+01
5.547189801430946687e+01
5.529581436256660965e+01
5.513144849652776003e+01
5.510551666207859256e+01
