-4.344003548383398167e-02
1.805459385208334211e-01
5.202105576585949742e-02
8.489551237563830455e-02
-1.003366363045512383e-01
5.603649783253331074e-02
4.697783772167667821e-02
5.664393043702489056e-02
2.952746915920784199e-01
4.441589619732326522e-02
1.635478653581924346e-01
4.481195201567902409e-01
-9.507059237177373223e-02
1.509801967697308178e-01
-1.591129047542074182e-01
-1.635202909206679989e-01
-1.014018529742477942e-01
-8.335687486968935966e-02
-2.457888095414222096e-01
-7.153019342521474422e-02
-2.168404953292110693e-02
1.121937243594356981e-01
4.795547334414322627e-02
-7.268396181285936841e-02
-9.385370676865818773e-02
-6.362361407116168439e-03
-1.981661626355014638e-01
-4.154505066942419667e-03
-1.740483857517597377e-01
-5.540198756668360258e-02
2.125294347981787346e-01
1.342805071805355521e-01
-9.214985307186566998e-02
8.194315455075980303e-02
8.780449842330483035e-02
1.969651433138756014e-01
2.142901421234666870e+00
-9.120834250278563038e-02
9.216386170646045928e-02
-1.557141768277085780e-01
4.063527797384040158e-02
-1.533753723555719151e-01
1.199665138052915803e-01
-2.207794109907456337e-01
2.381009544412813761e-01
1.073539710325974311e-01
-2.447430535682247055e-01
1.830856593531336729e-01
-1.612799120821364202e-02
-9.992110207051382864e-02
1.071915058588501806e-04
-7.198826755148729495e-02
3.552894681042743918e-02
-2.140835423052737940e-01
1.231920381190423075e-01
-1.808003581728405695e-01
-9.653172332786254944e-03
-2.696083929161420811e-01
1.792513342194183568e-01
3.535858533995224137e-03
6.591673691051483375e-02
-1.568189306335142363e-01
-6.144406374864800485e-02
-1.494297970568348455e-01
-2.136238113590195609e-02
-8.325740979244641848e-03
-7.989276766369414473e-02
2.785491620004805213e-01
-2.370310966547171105e+00
6.957143502700034732e-02
1.972938807190951216e-01
-4.663183608990038864e-02
-5.381995934283167853e-03
-9.484557517883160371e-02
1.462274144514037755e-01
-2.089452334901580055e-02
2.657350864346790242e-01
2.060996211626957286e-02
1.040264071230751625e-01
1.425631866188257491e-01
-1.992820804723237360e-02
3.759563902084619436e-01
-1.081743223838714102e-01
-2.389266720194200416e-02
-7.555474685229909837e-02
5.289780878391980162e-02
1.373500932281672138e-01
1.526067917034890919e-01
5.798491672050545657e-03
8.186574716095151860e-02
-5.505241033487948132e-02
-2.350802213044687616e-01
9.352923976016314089e-02
4.087546851147294547e-02
-1.053010973859738880e-01
2.640975997021087207e-01
2.376723861467553572e-02
2.767559032475639946e-01
8.343972189043370735e-02
-5.982544728766470143e-02
-1.686121770002211029e-01
3.918247596601020372e-02
6.236333221050017334e-02
4.862306024624672013e-02
-3.338569645878124159e-02
3.836427593059170416e-02
1.129542292365255246e-01
-9.885632478595880734e-02
2.375812029944083248e-01
-8.012247939568396815e-02
7.620427688398478949e-02
7.086083962721886897e-02
6.137246265285284386e-02
1.045413279761135128e-01
-4.282241386598797939e-02
-1.405641908925372163e-01
1.631229102910106143e-01
8.123065223525145068e-03
1.726083337400871054e-01
-9.616511717352409228e-02
9.044049491218345005e-02
1.177189728058078838e-01
7.485461108990421400e-03
-7.565282952408323991e-02
2.703066876442869471e-01
-8.561524873955334361e-03
1.413951065595688283e-01
-3.263714657389869128e-02
2.866870129404094358e-01
-8.720813577067815237e-02
-3.415843782821525454e-01
-2.643112655214508930e-02
2.535522028699074282e-01
7.508041846533956842e-02
-8.050198577358969043e-02
5.583632324433324134e-02
-3.642912657254601116e-01
-2.337255448596258223e-01
1.525685735412139407e-02
4.259355437488045459e-01
-8.363089722890038047e-02
-1.497462422903595401e-02
3.149465611382254449e-02
-6.152028248843976338e-02
-8.811769982700524972e-02
-9.643258173100661967e-02
4.530705111593306272e-02
-2.354969507199939360e-01
5.421754646210104334e-02
6.575215734215589247e-02
3.338515801171865749e-01
2.170292394262668401e-01
2.129526607219304341e-02
1.214337716916304502e-02
-2.288357833222761373e-01
1.781404822898048357e-01
2.369763591399805525e-01
-8.910013999260285589e-02
-3.891349668007251187e-03
