-1.678855290017213509e-01
-2.145230573589424206e-01
1.196276493069444724e-01
1.023984637644798634e-01
-6.497119233634521263e-02
2.197333869534077305e-02
-2.127383751084192809e-01
-6.637523178381156130e-01
1.168766968431125958e-01
-1.611674440198066771e-01
1.835963828239300585e-02
7.446538616063662352e-02
1.659024566291526503e-01
5.268858506505489370e-01
5.042918584714186497e-02
-8.823153144612888577e-02
-2.163315616393583773e-01
4.484033542007012096e-01
-1.151701083541757931e-01
5.206036967839324792e-01
1.996018128192986185e-02
-8.513980413703280126e-02
-1.770824823239990908e-01
1.347016015141207501e-01
-5.443263590637599514e-02
1.939478142802056604e-01
-1.355364440455161801e-01
-1.268109861776821334e-01
-8.176227147054902777e-02
-6.228762599203173655e-01
-1.095251704890841948e-01
-1.375967652862493673e-01
-2.024265276682183368e-01
2.519666514104414862e-02
-1.236097321601141580e-01
5.132265632237590497e-02
-5.112824976813953870e-02
2.417907998456712559e-01
-2.262932135590546220e-02
6.426058756601264743e-02
1.777553585913654033e-01
-1.821885558716087317e-01
4.103485667675044885e-02
-1.157787949382435566e-01
1.433303441676775924e-01
6.510538970063635064e-03
-1.512477799065413686e-01
1.767567795709214795e-01
-9.257258751349922710e-02
2.896502610680272427e-02
3.168745898955546703e-01
1.213152177653660097e-01
7.322047693871808899e-03
-1.607264817934049017e-01
5.189929460516395920e-02
-1.615339278666624578e-01
-5.761661987587046729e-02
-1.811384545845100974e-02
-1.137930241036150397e-01
1.064061320987701731e-01
-3.969834198120434920e-01
-3.538872070220003274e-01
-2.876977607937862835e-01
6.326317118482052693e-02
5.503339376616736556e-02
-2.000255112608727015e-01
2.180837480935838291e-01
-4.736718118750673362e-02
-9.675235307477976499e-02
-1.272479610061532096e-01
7.375247560376010925e-02
-1.318844516529600330e-01
2.003523422680268673e-01
1.492317991241009223e-01
2.996881721783472563e-01
2.395375185841385202e-01
-1.245015005360994576e-01
-1.820942069147162001e-01
8.200195744205984738e-02
-1.369513318232145616e-01
-5.604568333401004770e-02
3.139363249814778323e-01
8.106117415128551162e-02
3.278005257987899601e-02
3.232764045996486812e-01
5.920503020602183031e-02
1.658416891063632104e-01
2.571085714248988463e-01
1.038307533906970559e-01
2.018341339233984538e-03
-1.815906824793160068e-01
1.530576879307392335e-01
-3.279357949917084680e-02
2.136769445329832554e-02
3.667759762525406309e-02
-3.753635469551113574e-02
2.102170718620578749e-01
-2.093014343132716670e-01
-1.260357561092382561e-01
-1.645430656996467178e-01
-2.456628297021893614e-01
-8.380738986259757273e-02
1.440465640565207761e-01
1.372933527789552965e-01
-7.952958346674279810e-02
2.817058185397138259e-01
1.028679117353976796e-01
7.096667995602047585e-02
1.779257764602380221e-01
2.790332587015560972e-01
-1.489151170818786389e-02
-1.483435622208730854e-02
8.794493970242001080e-02
-3.302432029832744198e-02
-1.097567737968097451e-01
1.057058364780857629e-01
-5.700435636981638104e-06
-1.244629266241315674e-01
-1.020368832557278505e-01
-5.579120671076111954e-02
4.481130923667478450e-02
-1.347610682522503156e-01
1.070071171912661545e-01
-4.311674827966032741e-01
-1.824847825143512958e-01
2.022857322104050504e-01
5.995455713837145872e-02
1.112926610578074405e-01
-1.102873238312977872e-01
-2.096895551811712721e-01
2.048769686032210213e-01
-4.466711360661526076e-01
1.027391571206226206e-01
-2.482546219960340625e-02
-8.611771200485247579e-01
2.230277832208628352e-01
9.836660380265128956e-03
3.768497974643412185e-01
9.697445705284678252e-02
-3.821745479905416798e-02
-3.412453604324639650e-02
