nan
nan
nan
nan
nan
4.143999999999999906e-01
3.511333333333333528e-01
3.818428571428571505e-01
3.788000000000000256e-01
3.843888888888888911e-01
3.366000000000000103e-01
3.505909090909090642e-01
3.286666666666666625e-01
2.869769230769230739e-01
2.787714285714285589e-01
2.862333333333333396e-01
2.760000000000000231e-01
2.858588235294117763e-01
2.856666666666666798e-01
2.829105263157895012e-01
2.947000000000000175e-01
3.108857142857142652e-01
2.744727272727272571e-01
2.810304347826086957e-01
2.775000000000000244e-01
2.682999999999999829e-01
2.673307692307692052e-01
2.646777777777777896e-01
2.154142857142857248e-01
2.005034482758620562e-01
2.021999999999999909e-01
1.896516129032257969e-01
2.094000000000000028e-01
1.952818181818181953e-01
1.782294117647058862e-01
1.840714285714285803e-01
1.748333333333333406e-01
1.562378378378378452e-01
1.526052631578947438e-01
1.680538461538461648e-01
1.527000000000000024e-01
1.643585365853658664e-01
1.352428571428571369e-01
1.488651162790697591e-01
1.452363636363636357e-01
1.507666666666666599e-01
1.363652173913043608e-01
1.400404255319148972e-01
1.418999999999999984e-01
1.352510204081632528e-01
1.388000000000000067e-01
1.284529411764705753e-01
1.294153846153846266e-01
1.301924528301886819e-01
1.374888888888888827e-01
1.238090909090909103e-01
1.341571428571428637e-01
1.332368421052631535e-01
1.347517241379310449e-01
1.398050847457627255e-01
1.353000000000000036e-01
1.459393442622950732e-01
1.398258064516129107e-01
1.451761904761904864e-01
1.305749999999999966e-01
1.346692307692307633e-01
1.231727272727272671e-01
1.359059701492537353e-01
1.434999999999999887e-01
1.291681159420289826e-01
1.146857142857142797e-01
1.153929577464788692e-01
1.100666666666666599e-01
1.022082191780821908e-01
1.021189189189189161e-01
9.800000000000000377e-02
1.045526315789473693e-01
1.075779220779220779e-01
1.002769230769230829e-01
1.024506329113924058e-01
1.004000000000000031e-01
8.982592592592592018e-02
9.452926829268293307e-02
9.721084337349397697e-02
9.517142857142857348e-02
9.110588235294117543e-02
9.616744186046512211e-02
9.133448275862068866e-02
9.504545454545454408e-02
1.005842696629213467e-01
9.653333333333333210e-02
9.816593406593406013e-02
9.962608695652173940e-02
1.006129032258064465e-01
9.984680851063830465e-02
9.825789473684209963e-02
1.091833333333333267e-01
1.128268041237113356e-01
1.067489795918367401e-01
1.073484848484848458e-01
1.160999999999999949e-01
1.110495049504950510e-01
1.270999999999999908e-01
1.308543689320388337e-01
1.243153846153846193e-01
1.246857142857142886e-01
nan
