8.355280387754078220e-01
9.900495361721572962e-01
7.659500952537087182e-01
9.916823544568251769e-01
9.645376596196638674e-01
6.356809578324168486e-01
9.650591855460948221e-01
9.411309032935696317e-01
9.722519881261768582e-01
8.734960745912622171e-01
6.310126212061391016e-01
7.971591261850722310e-01
9.917679181792664611e-01
9.184524458513600997e-01
9.385615275570193816e-01
8.312836537777411605e-01
9.666188945001635835e-01
8.567797811459104684e-01
9.231203455024410420e-01
9.156879808836470014e-01
9.678417811619237643e-01
7.959428495764063749e-01
8.941092146147070485e-01
7.083173375623437185e-01
9.656892627794377848e-01
8.261787088765276676e-01
9.822547821819330727e-01
9.737907418752889122e-01
7.841352765131637259e-01
7.760390569126229821e-01
9.282266057499191092e-01
1.004267675136973237e+00
1.001604165710366479e+00
9.269781285735438914e-01
9.957023865083124425e-01
8.032598588827341013e-01
9.469888295414284896e-01
7.787059137635492512e-01
8.566197599654197248e-01
7.729318625232621809e-01
8.628276029196217944e-01
8.766449934377669173e-01
9.066164368629756609e-01
6.554496064181012382e-01
9.523337461450886998e-01
9.569219896877371179e-01
8.263209088402482250e-01
9.221835671343819874e-01
8.503385016289348730e-01
8.717514077541272943e-01
9.973153054641852311e-01
9.949395653571627696e-01
9.649900504153788861e-01
7.879815920993883394e-01
8.328064055351274142e-01
8.338274446528294304e-01
9.832347228790968563e-01
8.280701589578666200e-01
9.416612445465011305e-01
9.682750639176902485e-01
8.080015328807439445e-01
9.523512373187394964e-01
9.478697176627020049e-01
8.524025097964021969e-01
8.871666750319582295e-01
1.007591594440461868e+00
9.378989142346654262e-01
9.468449273590795467e-01
8.932653358955963130e-01
9.527828506341075032e-01
7.775364371667001784e-01
9.937256512353315197e-01
7.694058508846842726e-01
9.832630040191634446e-01
9.020555467365557467e-01
9.199861345702788906e-01
9.717163736746624592e-01
8.528543509308815773e-01
9.743495145478096031e-01
9.762972106324082633e-01
9.756976776906435278e-01
1.020035912471146222e+00
9.553487673054610330e-01
9.849991629941018401e-01
8.496661283064600445e-01
9.272657390780887354e-01
9.274549120779806977e-01
8.724736010198693714e-01
9.914526315986222915e-01
7.432989663503781763e-01
9.239231652931061411e-01
8.150059346540206029e-01
8.909947387777993333e-01
9.842162746808458262e-01
9.247175529644846570e-01
9.002173111969068442e-01
8.947238132114512243e-01
1.007759678840814077e+00
9.684775713086242188e-01
8.058848034544507932e-01
7.876057334127676279e-01
7.893290190597826994e-01
9.839415126950007418e-01
1.008415408170512784e+00
8.143964703387337467e-01
8.669643454415495443e-01
9.164354246537209647e-01
9.895938734089486655e-01
7.907266973800847198e-01
7.057256041045752992e-01
8.035280545821115172e-01
5.954656142661997054e-01
8.456212295898353215e-01
8.760151221789987952e-01
9.346319223901013995e-01
8.747570055084952223e-01
9.651617367262746994e-01
9.443073153402815612e-01
8.863702796940470252e-01
9.611949925197336153e-01
8.088959845302974294e-01
9.793987194262513407e-01
7.917776194773182841e-01
9.208110169638462628e-01
9.222228778058274568e-01
9.186502085190818567e-01
9.919975882653102595e-01
6.518657544484040001e-01
9.000929935717408847e-01
9.944488490419325366e-01
6.754829313522532352e-01
9.810613511038696055e-01
9.821712673978482133e-01
8.440703632865165229e-01
7.997645426030567384e-01
9.541655871541092626e-01
9.900222459684755449e-01
9.484087962567764318e-01
9.933224983256718765e-01
9.254631983135572781e-01
8.807950138332898415e-01
