-3.684749526370183215e-02
9.030998504102853361e-03
-6.005536898732089304e-03
1.279581059067140883e-02
-9.372174095417448725e-03
-1.716538168327815667e-02
-6.227396068468351274e-03
4.031280401567869168e-03
6.268684857579387773e-03
-3.505707371070058975e-02
-3.771290076388254114e-02
-9.138568803049907513e-03
-3.426141719925453882e-02
2.797924782976565425e-02
5.374656847675624016e-02
-7.910934941506127249e-02
1.073974495534457679e-04
5.182334801299930301e-03
5.408953287880081257e-02
4.304302393134094157e-03
-3.699431592568998978e-02
2.102935635106746495e-03
1.020996317117692405e-02
1.618551766027110164e-02
-3.184351383347006764e-02
1.763928929183521122e-02
1.153873455108737345e-01
-2.514160928253886609e-02
-4.768593502663293071e-02
-1.323554201665501709e-02
9.604471209004259921e-03
-5.946001443195427644e-03
-1.994004735523162777e-02
8.821239880236362782e-03
-2.528055354705316046e-02
2.674261295669111763e-02
1.345111770949643064e-03
2.805196774762976075e-02
1.946270635162022575e-02
-5.383641378222137411e-03
-1.210866209263485906e-02
-1.252646479120995970e-01
1.961270712902887792e-02
8.702048757568263751e-03
-1.563699316795759964e-01
-4.455847734075178007e-02
4.324142380781949811e-03
1.765813666788744636e-03
-2.318589912690470142e-02
2.463387271053534260e-03
-1.154057423328822517e-03
-1.552649486085329019e-03
3.612809018240113745e-02
2.543276930792899484e-03
-1.006024424625763872e-02
-1.879965278239638035e-02
-1.714661100689454654e-02
-7.144233015062582091e-03
1.237068015151180506e-02
-5.465713039033062159e-01
-3.113904677996379156e-01
-5.149124187333768699e-02
-2.528584759846125990e-02
-2.311562980029748318e-02
2.012430542227718749e-02
2.719352509592454139e-03
3.884816899603720213e-03
-7.196324117362679074e-02
-8.853040748132343790e-03
-9.603193343138513582e-03
3.591719106210575652e-03
1.123317697193044681e-02
-4.676840641548096690e-04
1.846055477139202719e-02
3.122685603573074897e-02
-6.833838901595185727e-03
-9.196201571616427484e-02
-2.154271655853563089e-02
1.926557960141451684e-02
6.112075957725551442e-03
-7.458135320726455228e-03
-1.718906975736899864e-02
1.453099378824447216e-02
-2.446260108671458600e-01
1.759120753060131048e-02
-1.913218808189185447e-03
-4.287916598216043318e-02
-2.283641656590020691e-02
6.870759883252048478e-03
1.248729116907952574e-02
3.241599127912024592e-02
2.818355169965002308e-02
6.248292432225639736e-03
-1.897667786604984074e-03
3.611167267582686673e-03
9.451501866320029255e-02
-5.089013755628343794e-02
3.351640029650411468e-02
-1.279165977064363469e-01
-4.114597031581979786e-02
1.708183023040589776e-01
-2.092209179642986749e-01
-2.337495348344759832e-02
-6.571907501111695638e-03
7.279264983763937547e-02
-5.989030926993393900e-02
3.595094913218417620e-02
4.823591041573876970e-02
8.740958292289122133e-02
-9.580952464044230343e-02
3.268028533606752439e-02
-1.271017849916233899e-02
-4.599732060513701815e-02
-1.858196428097284025e-01
2.132041822706014309e-03
2.694582358982472448e-01
-1.002858947199001746e-02
-2.323503685004993727e-02
-1.144204538606382465e-01
-9.779448729614727623e-03
1.678411382768672452e-02
1.770699955767571498e-01
-2.119951041087858937e-02
1.175777425908259427e-01
3.463341257972274607e-03
-3.339566394787425382e-03
-9.360101407617832381e-02
-9.282760796315074614e-02
-1.460300444787560603e-01
5.337697276334552217e-03
-2.573447913495681139e-01
-1.903202111716882361e-01
-1.048791262331292195e-03
5.258835721664354042e-03
9.028596766461305725e-03
1.788061324463512819e-02
-1.015183728480047870e-01
2.305141456993169569e-03
2.824090982832672125e-02
1.873855968290570259e-02
-2.433528220799814901e-01
4.429724086269061500e-02
1.145317262862363406e-01
4.977609579796876682e-02
4.218888935360268905e-02
2.382686804996262675e-01
-3.153473933067743595e-02
4.715771230264181185e-02
-3.156844619460229956e-02
2.163170508719986229e-01
-7.004923171841710705e-03
8.689600629844198565e-01
-8.563236644375820175e-03
2.130301427628523980e-02
3.337890010307092026e-03
-5.845456104857589541e-02
