5.508229680554831731e+01
5.515841948801742234e+01
5.520934519980386312e+01
6.686961551056714370e+01
5.504859179971366245e+01
5.532229817620109458e+01
5.544855802523200339e+01
5.512895148305211279e+01
5.581743982159508732e+01
5.733123300897177899e+01
5.508747286801210663e+01
5.517525963772088460e+01
5.532071207825089232e+01
5.526443898634796170e+01
5.875957585056740129e+01
5.547628563998969042e+01
6.334319794307768348e+01
5.515401478043806094e+01
5.512985813652672817e+01
6.632795841451941499e+01
5.545651216556444751e+01
5.545411653322612011e+01
5.512439070664922269e+01
5.528386247218607963e+01
5.534862229087786289e+01
5.523176835871620227e+01
5.515711516918708668e+01
5.756781433193140174e+01
5.519085317694242576e+01
5.521974254678836758e+01
5.504604383083550800e+01
5.504391823934255257e+01
5.525479379535639168e+01
5.517848669691726826e+01
5.531235477602577788e+01
5.516953049167359069e+01
5.516975587995659680e+01
5.533391404752565990e+01
6.301986012588109531e+01
5.524477699713840195e+01
6.150169265602480095e+01
5.526951748338777293e+01
5.559272250240576341e+01
5.507350445089011259e+01
5.520772651400377384e+01
5.846677389959700832e+01
5.543881984696230347e+01
5.526700933088165613e+01
5.536945817711239926e+01
5.548813967813040193e+01
5.515206180676687353e+01
5.544329433895325110e+01
5.503718008356879920e+01
5.634996995648169360e+01
5.545351965220204704e+01
5.511154137584259161e+01
5.531472897792674104e+01
6.613789108408346351e+01
5.517479989261742901e+01
5.509345909005650554e+01
5.518697404743990376e+01
5.504086310901912071e+01
5.501276710150806082e+01
5.522767946097223302e+01
5.546540908718841223e+01
5.728122045372094107e+01
5.519440637486950152e+01
5.504815192731617657e+01
6.197300419627674728e+01
5.519626673966617858e+01
6.287029838152925976e+01
5.538301539299002485e+01
5.537093463380066538e+01
6.145473194737969180e+01
5.550628937545081243e+01
5.532308054457054425e+01
5.519609812069551680e+01
5.550069386660778292e+01
5.539058637128005103e+01
5.503073580786590924e+01
6.237077505694271906e+01
5.542561728745244665e+01
5.513099972019313100e+01
5.515295742215644026e+01
5.553921444035871247e+01
5.507852831327763710e+01
5.542130782523320676e+01
5.546404469069788234e+01
5.523331891472712840e+01
6.368446217810510745e+01
6.669374665144634662e+01
5.527893794022759266e+01
5.521966852698773920e+01
5.509658916745628687e+01
5.505814650260452225e+01
5.520258527899667911e+01
5.536903363965713254e+01
5.532225634984593654e+01
5.546500442178567170e+01
5.536589385498982807e+01
5.525607152736132832e+01
5.527077390684876690e+01
5.549630747185137380e+01
5.526828321437631786e+01
5.515435323710624260e+01
5.503722114603893090e+01
6.011562886654770921e+01
5.509000238176587061e+01
5.543728131679564797e+01
5.526788895238359345e+01
5.537693944107758171e+01
5.546358551760734201e+01
5.538597679031528287e+01
5.528814402685743090e+01
5.538131247382315081e+01
5.514899590509205041e+01
5.553886809471188712e+01
5.546188060378059248e+01
5.560315082978039669e+01
5.502874153517076650e+01
5.544955156991456846e+01
5.520043936389966177e+01
5.533606862158789852e+01
5.508425514766233277e+01
