-4.720598309677191295e+00
-1.920813989194256521e+01
-1.776565735083804398e+01
-8.677739003730430056e+00
-1.423030814127571020e+01
-1.487362127554244395e+01
-4.504120049716442864e+00
-2.441533102268634181e+00
-1.622482454876623237e+00
-5.556867751667718736e+00
-2.183954721078092476e+01
-1.504169920397986715e+01
-3.126049309913501162e+00
-5.391384028096647185e+00
-3.722772683355291434e+00
-1.500410518599592180e+01
-1.636699288772126337e+01
-1.008933831837678596e+01
-1.397247270932852103e+01
-1.084534686650072288e+01
-1.574334649369214389e+01
-2.011234156758835212e+01
-1.343613854951864184e+01
-2.122852733367153988e+01
-1.695612815776668469e+01
-1.519237745480546309e+01
-1.182755200981123522e+01
-4.456373404619101919e+00
-2.283566720061481092e+01
-7.427881653956868391e+00
-1.575495649540266285e+01
-7.305691261858296315e+00
-4.236215291502357871e+00
-3.683742797545724201e+00
-9.215125020318957638e+00
-4.404772810265011884e+00
-1.418201042808024326e+01
-1.202911630049407421e+01
-1.700257735638214385e+01
-2.295637270107212302e+01
-2.272689579807137150e+01
-1.516555817184852373e+01
-1.304105903381531562e+01
-2.238442746932189209e+01
-1.404522388750310924e+01
-5.772048194383987862e+00
-3.501577256624251788e+00
-2.162003791700434618e+01
-1.637235361070504069e+01
-3.223610315373587554e+00
-1.234408345499373283e+01
-5.771907813458414083e+00
-1.577625606984465634e+01
-2.202570937059440226e+01
-2.006839800728696233e+01
-1.800547612930525432e+01
-5.154139909811899400e+00
-2.316271634494706788e+01
-6.030704738356726935e+00
-1.491853406438692531e+01
-1.696357131305887123e+01
-6.970976914401493474e+00
-4.261809838467215172e+00
-9.973398943777471715e+00
-1.789566271157686828e+01
-9.496215249585556961e+00
-1.724241401101290450e+01
-8.329364892889042693e+00
-1.759127119177115617e+00
-1.644527993417624501e+01
-2.207692088747498005e+01
-1.047642051113254880e+01
-1.697705188596652448e+01
-1.957616056465046839e+01
-4.811084801759179186e+00
-1.619765595865310459e+01
-1.141850387722437077e+01
-2.505043020042243995e+00
-4.449929811858419626e+00
-1.781970978477596645e+01
-1.475044740524916875e+01
-1.128514609459474016e+01
-4.944012496447403038e+00
-8.171370702908546946e+00
-1.054642284182937928e+01
-5.506266147060545180e+00
-7.090587476375715070e+00
-1.091894040682317524e+01
-1.052528000897237703e+01
-1.969938772819308781e+01
-3.811007989158978759e+00
-1.496354897364871306e+01
-2.438574889250547884e+00
-8.261270574246761811e+00
-1.146382824396910394e+01
-7.739775358999825272e+00
-8.513620046074944270e+00
-6.057722864306692045e+00
-1.504184890022717269e+01
-9.653658376710328781e+00
-1.662830013702405196e+01
-2.330359686582272261e+01
-1.596398898118074428e+01
-9.915999701522419940e+00
-2.029198815739676220e+01
-8.955492532046886112e+00
-1.368121943735665269e+01
-8.488016163778400625e+00
-1.636770736013787086e+01
-2.312857881231001400e+01
-2.665610096264892093e+00
-2.170791251882396011e+01
-6.798157146712538790e+00
-1.329826007175842406e+01
-1.199169398781553042e+00
-1.678386958839652010e+01
-8.971171821989329942e+00
-1.568088838242660188e+01
-1.609648112123758423e+01
-1.013398121717034428e+01
-2.236532579421757205e+01
-4.054176770892471637e+00
-1.754860457725093426e+01
-3.545759420262125872e+00
-1.697785500665021985e+01
-1.568680924569165214e+01
-8.187307904098908296e+00
-2.382326302319993161e+01
-3.250676937760680119e+00
-7.272238978858434066e+00
-2.352503690483659327e+01
-5.862307326749135683e+00
-1.494531483413208051e+01
-2.249782951876505521e+01
-3.550208981565708299e+00
-1.461006601144106298e+01
-6.206448263313383507e+00
-6.737497480402963035e+00
-9.541885139365930968e+00
-9.067856665887468637e+00
-1.948226569485654380e+01
