-2.041970764450353215e+01
-2.091418002208635940e+00
-9.573223352472371772e+00
-1.801187239704332654e+01
-8.152507422660299596e+00
-1.960834295688920648e+01
-3.257736928180898772e+00
-1.639094173961048284e+00
-1.353291700419870480e+01
-2.010162082044120879e+01
-1.256576525215258755e+00
-1.178748838093490647e+01
-1.508702588485683549e+01
-1.096880940020312778e+01
-2.221622129223899123e+00
-1.813093571479615917e+00
-1.092024791706716513e+01
-1.960352867392221654e+01
-2.180943597334406192e+01
-2.154528439279684449e+01
-1.890044135140017190e+01
-6.328722977628371993e+00
-2.043875040200418880e+00
-1.110291055694183981e+01
-9.852397732155861121e+00
-1.896559844895176639e+01
-5.424407286505427805e+00
-2.716206357077577849e+00
-1.474736331578730031e+01
-4.502095491593651744e+00
-2.490318793945463582e+01
-4.255306303304140059e+00
-1.449998985135284357e+01
-1.571708746019330860e+00
-3.027838855758295367e+00
-1.620301031472201458e+01
-2.644150400734000428e+00
-5.752017528685993142e+00
-3.290795720490478971e+00
-1.314656417340866668e+01
-9.873029584158398819e+00
-2.839139886543128100e+00
-1.859113483579356441e+01
-2.614583683670444358e+00
-2.260875271292018596e+01
-2.359348163245478602e+01
-4.023201465559152368e+00
-1.349107307818638901e+01
-8.082074988825613815e+00
-4.533464387319950717e+00
-3.493508952795847833e+00
-1.825648437411071967e+01
-1.366582593010948088e+00
-9.817580975856483150e+00
-2.492784597462479113e+01
-2.016823596795363827e+01
-2.188039082532484869e+01
-2.262511168753156454e+01
-4.036065475883932052e+00
-1.203660226300784686e+01
-1.440255714501848416e+00
-1.128634665391718528e+01
-2.588617689947911416e+01
-6.795398210622312973e+00
-9.476368120077509616e+00
-1.344837997720275169e+01
-1.547773588316482929e+01
-8.623935074432285575e+00
-1.669538756714169381e+01
-9.198961130537490760e+00
-9.763208079405213624e+00
-9.615500104271532678e+00
-2.339216513694252697e+01
-1.337764616850334320e+00
-9.532688898464854788e+00
-1.637221387320712651e+01
-2.077452373514551454e+01
-1.964793069681005733e+01
-1.237427632251846532e+01
-3.008846233843300411e+00
-1.576767535464632530e+01
-1.189954824772594932e+01
-1.481374980110308215e+00
-9.586807555963122951e+00
-2.051169475624101679e+01
-5.171272232925403500e+00
-1.841173732860842804e+01
-3.767060416272133949e+00
-1.549174114811105341e+00
-1.219682304164989262e+01
-8.053331891403882281e+00
-9.243955543469315472e+00
-1.292992663440656997e+01
-2.242401047477079246e+01
-8.573190215832106276e+00
-7.001022051389803380e+00
-9.737981347563469114e+00
-9.538932544159660409e+00
-7.609633409636064272e+00
-2.520690087264947365e+00
-1.986351052435296438e+01
-2.439974207507968984e+01
-2.248582968416108230e+01
-1.688680035967394133e+00
-5.712791975830061375e+00
-1.592832747104889179e+01
-5.010335525121892175e+00
