nan
nan
nan
nan
nan
5.789999999999999591e-01
4.865999999999999770e-01
4.670000000000000262e-01
4.526999999999999913e-01
4.595000000000000195e-01
4.496999999999999886e-01
4.406818181818181746e-01
4.598333333333333162e-01
3.710538461538461785e-01
3.643428571428571350e-01
3.620666666666666478e-01
3.603000000000000091e-01
3.340529411764706080e-01
3.290888888888888753e-01
3.219368421052631324e-01
3.212999999999999745e-01
3.239619047619047842e-01
3.220909090909090944e-01
3.229304347826086885e-01
3.333999999999999742e-01
2.757000000000000006e-01
2.736769230769230954e-01
2.337259259259259203e-01
2.400714285714285745e-01
2.384344827586206972e-01
2.260333333333333361e-01
2.418516129032257933e-01
2.494999999999999996e-01
2.230939393939394000e-01
2.141294117647058737e-01
2.260714285714285621e-01
2.329333333333333256e-01
2.327378378378378299e-01
2.322052631578947479e-01
2.296538461538461529e-01
2.187999999999999945e-01
2.281585365853658620e-01
2.133428571428571396e-01
2.100651162790697635e-01
2.077363636363636357e-01
1.933666666666666589e-01
1.953652173913043577e-01
1.848404255319149037e-01
1.671999999999999875e-01
1.595510204081632688e-01
1.650000000000000078e-01
1.636529411764705844e-01
1.685153846153846224e-01
1.675924528301886707e-01
1.433888888888888991e-01
1.393090909090909102e-01
1.395857142857142852e-01
1.269122807017543930e-01
1.313517241379310307e-01
1.254050847457627016e-01
1.330000000000000071e-01
1.263393442622950946e-01
1.267258064516129101e-01
1.235619047619047617e-01
1.208499999999999991e-01
1.230923076923076953e-01
1.278909090909090829e-01
1.194477611940298473e-01
1.136647058823529455e-01
1.178434782608695636e-01
1.167857142857142844e-01
1.246929577464788719e-01
1.151666666666666672e-01
1.143082191780821905e-01
1.126054054054054093e-01
9.853333333333333388e-02
1.031526315789473708e-01
1.052389610389610347e-01
9.357692307692307143e-02
9.135063291139240704e-02
9.329999999999999405e-02
9.112592592592592966e-02
9.010975609756097238e-02
8.761084337349397955e-02
9.109047619047619393e-02
8.871176470588235108e-02
9.223255813953488980e-02
8.653448275862068995e-02
8.410909090909091113e-02
8.818426966292135238e-02
8.823333333333333028e-02
7.956593406593406859e-02
8.008260869565217432e-02
8.748387096774193350e-02
7.807021276595745019e-02
8.124736842105263757e-02
8.329999999999999905e-02
8.404432989690721612e-02
8.267551020408163420e-02
8.259393939393940010e-02
8.010000000000000453e-02
8.509405940594060025e-02
8.077647058823529680e-02
8.114757281553397483e-02
8.020769230769231317e-02
8.172857142857142820e-02
8.239622641509433687e-02
9.391588785046728338e-02
1.011444444444444396e-01
9.841192660550458771e-02
1.118909090909090964e-01
1.160162162162162169e-01
1.132285714285714284e-01
1.202398230088495557e-01
1.303421052631578980e-01
1.265913043478260891e-01
1.304379310344827569e-01
1.344692307692307576e-01
1.389881355932203466e-01
1.380075630252100838e-01
1.522999999999999909e-01
1.565917355371900799e-01
1.540950819672131100e-01
1.606926829268292556e-01
1.657935483870967841e-01
1.706999999999999906e-01
1.707142857142857073e-01
1.811385826771653440e-01
1.895749999999999935e-01
1.783255813953488478e-01
1.907923076923077055e-01
1.948770992366412325e-01
1.938818181818181829e-01
1.983518796992481126e-01
1.949582089552238939e-01
1.980333333333333390e-01
2.013352941176470567e-01
nan
