-6.867251216002205183e+01
-4.710727982589477847e+01
2.926350851678953191e+01
2.296104717851425292e+01
-9.621534185320979304e+01
-4.867205013539570757e+01
2.412200647669072140e+01
4.349997032878764003e+01
3.938389626806158361e+01
-8.245981332882998061e+01
6.846008440790697591e+01
3.868584754457955910e+01
-1.449888888597616869e+02
-4.904854007142422034e+01
1.943594925887346747e+01
2.048352115163358533e+01
1.765858093379865101e+00
-7.245083586138098042e+01
-6.089966533424801298e+01
-1.193108368829815191e+00
1.626059791295242363e+01
-1.283690963702765657e+02
-3.895428768780293893e+01
2.884691244760221096e+01
2.564706483412890847e+01
-2.796081773963785011e+01
-3.406438287208543159e+01
3.958165541802347320e+01
3.111747871043942837e+01
1.453699994488640712e+01
7.084878819559042995e+01
-5.692451417787842871e+01
4.043752412508786875e+01
3.749778047728234043e+01
8.033266873134823527e+01
-9.787984102785404161e+01
3.200503971929656188e+01
8.275295618386229179e+00
3.221745521872145446e+01
-4.359994118697858312e+01
6.517529315662615375e+01
-5.893068394679986000e+00
6.682994627219609640e+01
-5.474127468254193474e+01
8.113089722952395277e+00
-1.356132929377800167e+02
