5.617349095996372199e+01
5.533845272708990848e+01
5.534671104470371716e+01
5.566586447397023818e+01
5.520406570651900324e+01
5.503878913640788539e+01
5.555394045236042899e+01
5.543005143153924763e+01
5.681881444008166682e+01
5.511081074219664089e+01
5.572536239169826899e+01
5.502172308373135223e+01
5.527985987239812005e+01
5.562856711293166256e+01
5.577929855984666574e+01
5.555252687998422090e+01
5.655300486320616216e+01
5.501945093368528461e+01
5.504506020962409707e+01
5.522369070462180218e+01
5.511288210568013568e+01
5.552363758587252818e+01
6.740792862388586570e+01
5.514917753852766680e+01
5.543329594329838272e+01
5.505322968716561860e+01
5.542247588755085275e+01
5.562956929445790877e+01
5.551422248887210031e+01
5.516714971113232480e+01
5.580070387205152826e+01
5.568406627608496251e+01
5.559952636256781489e+01
5.539851383956548148e+01
5.567750059533344142e+01
5.611288309455795797e+01
5.547040420965272034e+01
5.556700349587002563e+01
5.572198373733262144e+01
5.562294972544432170e+01
5.505743985684526365e+01
5.561824731019753898e+01
5.668479492204228620e+01
5.524829041737226021e+01
5.527268621874178223e+01
5.548659991653320134e+01
5.501433887569128700e+01
5.535488585157460051e+01
5.505890174919309032e+01
5.545152767472140454e+01
5.528176505589824075e+01
5.545959132166665739e+01
5.536835856601665284e+01
5.531230876772357163e+01
5.565546998283333835e+01
5.519201486250216249e+01
5.558955451976871132e+01
5.511604687857604290e+01
5.540735323162137149e+01
5.528324164447415257e+01
5.559932976353638168e+01
5.526857734896373131e+01
5.574517003109387758e+01
5.545046908393540264e+01
5.501684931065876327e+01
5.558790870847683152e+01
5.618150696325945859e+01
5.533459565077536269e+01
5.639456887395517271e+01
5.520444892581505769e+01
5.540189112351413314e+01
5.517130715925894435e+01
5.556079056169414798e+01
5.525618373574774012e+01
5.520067153080719891e+01
5.548383936212852774e+01
5.564100737308378086e+01
5.579686620520466533e+01
5.514287899806659254e+01
5.517540396688126947e+01
5.555217872918196065e+01
5.541868912033572059e+01
5.621586817644349310e+01
5.564106854537391200e+01
5.510695109915558731e+01
5.541732882032655993e+01
5.544504411287332601e+01
5.513859093446648529e+01
5.507642717643336283e+01
5.503838567933269843e+01
5.551043780417400342e+01
5.549679202831617886e+01
5.560443955735282628e+01
5.509885544054406381e+01
5.531994109008952876e+01
5.540461784396637768e+01
5.562497904383326386e+01
5.669929280769522251e+01
5.507491321560905817e+01
5.541313069378090717e+01
5.500804571987524838e+01
5.536908764603587230e+01
5.553337648079520505e+01
5.841910362285065617e+01
5.519173465219972741e+01
5.561464214837000242e+01
5.573181197911151230e+01
5.519568975357419305e+01
5.526690768587153713e+01
5.549931903367392749e+01
5.512155589294287239e+01
