7.533252057140771285e-02
-1.159697663692213672e-02
-3.510502724334514657e-02
4.604067444878978677e-02
1.295454696153342487e-02
1.229905141370750236e-02
7.862750693541897470e-03
-6.816276180343094904e-02
-6.217786488647334721e-03
-1.645565310676772725e-02
-1.175811810048094236e-01
5.864076483637859633e-02
-5.217778906793000410e-02
1.095781276695447642e-02
-5.967127837046064254e-02
8.480559843589162428e-02
6.985435279191846980e-02
-9.373642307641602903e-03
-9.431331610708411362e-02
-3.163029506057910001e-02
1.727924568092362168e-02
-5.640473930789426105e-02
-1.462429187547513790e-02
4.598153720497862029e-02
-6.214457183213425995e-02
-2.659351121751683464e-02
2.499183430732045824e-02
-5.138609572235282308e-02
-3.256510098452906898e-02
-3.332534121930166328e-03
-9.707504193620479505e-03
-3.352098080669407149e-02
4.093892656267882763e-02
-3.127886988337081481e-02
-1.664290579526721270e-02
-1.103318155182137113e-02
1.989823757910244226e-02
1.548672575845898812e-02
-6.975662377210482996e-03
-7.903871213819456398e-02
7.050873772217869546e-03
-2.423514485493342280e-02
2.284686771981796552e-02
1.096136648545552837e-02
9.430031830138659033e-02
1.049663100483599031e-02
1.268356637568672333e-02
7.185749553771984821e-02
2.208207398957029097e-02
-5.119915380403369798e-02
-3.870323901043946219e-02
4.688329027618010764e-02
-3.054052494516270103e-02
1.287010417480780600e-01
3.374406682122980949e-02
-3.329122135255260795e-02
5.216130961136400748e-03
7.334671598754311829e-03
1.589809701275384998e-02
-6.404468918127691202e-02
-1.620232888304258198e-02
-3.062781460123460264e-03
-3.551308160798498630e-03
6.220402784523457358e-03
-3.264328436125310540e-02
-1.326726823319177191e-02
-8.473047829697634425e-02
-3.568609399612796343e-03
4.995909443106597708e-02
-1.481245018961885838e-02
-4.664448577293342502e-02
-3.073765544358991395e-02
-3.241398866890335406e-02
-3.995762386934302579e-02
6.258141290480352670e-02
-3.587858443024515703e-02
-2.253789416139341181e-02
4.117807152810201016e-02
-2.779205885704129700e-02
2.757587827715383272e-02
-1.109460278969663649e-02
-6.991747018596924934e-02
-2.793906323386977433e-02
-1.825059650813955214e-02
1.716726289989537607e-02
-1.475105228522579541e-03
3.293235131235405615e-03
-1.145155063332595029e-02
-3.496081514694367176e-02
-3.445901825077157983e-03
-1.558192801921734309e-02
-4.979522367754043478e-03
-8.307547483968846791e-02
-4.404454347913997446e-03
4.770814203727696129e-03
-2.228365666330318906e-02
5.893158378264615714e-03
8.775451233288776576e-02
4.161483956615029400e-02
-4.564775154867675190e-03
