-4.722084527928700412e-03
-2.105754779722701642e-02
-5.958429738617894433e-02
-2.199195924661978552e-02
-2.658293789599497272e-03
-5.586293056717294911e-03
-5.299970907898341778e-03
-3.141645467179159795e-02
-1.614504584161068068e-02
3.572401324974123354e-02
-1.717088966944402273e-02
1.842897478795521224e-02
2.382167812395721146e-02
-7.347747014093215269e-03
-4.113818919310147960e-03
-2.437836882903639171e-03
3.911073126533551325e-02
1.046747910901160532e-02
8.123952198200185687e-03
-1.865378853106079053e-03
-3.485135209442091590e-03
-3.879210670676229520e-03
2.244380754906956030e-02
8.455349283852910819e-03
1.303515135188831713e-02
2.336436207087501729e-02
2.164769916359091453e-02
-1.890277186282162195e-02
-4.394727720850823659e-03
1.508793743416845254e-03
1.775350814090757151e-02
2.314335688522419290e-02
-1.305121038150332431e-02
-3.017611753887820131e-02
1.943335962119135604e-02
-5.439279869061692391e-03
1.042224804642671691e-02
8.486617016747572198e-03
-4.805382315662711651e-03
9.892233943425594866e-03
2.327505281858179703e-02
-1.613351496915299901e-02
8.664045185695386578e-03
9.420969578943071826e-03
1.093437504996643342e-02
2.031895109801667033e-03
8.124808079924151355e-03
1.946930067722746696e-02
3.721928460682306927e-02
1.455501806366214616e-02
1.006807424979797375e-02
-4.769441821349573556e-03
7.547143622340399781e-03
-1.046192535208172042e-01
-6.444002173491298474e-03
-1.215103676566854987e-02
6.022534778901445255e-04
-2.006227682571477475e-02
-2.179248291862336331e-02
3.449987907505829010e-02
1.880038970775785995e-02
8.734955551263396886e-03
5.020658092803387262e-03
7.609106076312741745e-03
1.207182335230413614e-02
1.574996258197529711e-03
-3.785561422156433729e-03
6.500919147132435544e-03
4.464948087747871303e-03
-4.299674436064151659e-03
1.256557646112241820e-02
-8.141710552860672093e-03
-1.978066604502942000e-02
5.158176169970261384e-03
4.477838672750636059e-03
3.529456420940846242e-03
-1.485259461375960585e-02
-1.818880143007049754e-02
9.293984435867059385e-03
-1.836151577670079799e-03
-2.660388633204888772e-03
-4.454821376892254686e-03
9.836651041892992622e-03
9.843577104616087550e-03
-6.944595960553670046e-03
-1.971134211933701919e-02
-1.290144356802329665e-03
-9.775872757661660528e-03
-4.072741623771775933e-03
1.069367144272746414e-02
6.970185056354694618e-04
8.241366702744130218e-03
1.410964120835728891e-02
8.070102359263841771e-03
6.922727646598332216e-03
1.354526109605444679e-02
2.001010180830633048e-02
2.228958618058413804e-02
-4.917459432120040164e-02
1.686333087175171525e-02
-1.947751249880184249e-02
7.419089381262438526e-03
-5.603725764074169759e-03
1.337649388696490922e-02
1.887117827852421298e-02
-2.738239327603650755e-03
-1.553713899262873987e-03
-2.300230447834905947e-02
-8.974084912602507680e-03
-1.121319778571319139e-03
7.109218741385916682e-03
-1.809593581315141475e-02
-1.241015231073561154e-02
8.963497792382781743e-03
-3.455287244895543976e-03
1.120092127204543389e-02
-1.057440086648625717e-02
-4.397108308691428935e-02
6.365099819405486102e-03
2.068038027911256807e-02
-2.654097909897359508e-03
1.028587870126045772e-02
1.258655838765093855e-02
-5.007795253946483414e-03
