nan
nan
nan
nan
nan
6.277000000000000357e-01
6.209000000000000075e-01
5.324999999999999734e-01
4.919999999999999929e-01
4.731000000000000205e-01
4.186000000000000276e-01
4.023999999999999799e-01
4.010000000000000231e-01
3.966000000000000081e-01
3.763000000000000234e-01
3.669999999999999929e-01
3.628000000000000114e-01
3.482000000000000095e-01
3.444999999999999729e-01
3.352999999999999869e-01
3.047000000000000264e-01
2.965999999999999748e-01
3.009000000000000008e-01
2.914999999999999813e-01
2.775000000000000244e-01
2.610999999999999988e-01
2.570000000000000062e-01
2.535000000000000031e-01
2.404000000000000026e-01
2.497000000000000053e-01
2.452666666666666606e-01
2.373999999999999999e-01
2.257000000000000117e-01
2.275999999999999968e-01
2.255823529411764838e-01
2.096999999999999975e-01
2.080222222222222195e-01
2.081297297297297344e-01
2.116421052631578814e-01
2.153897435897435819e-01
2.056000000000000050e-01
2.159975609756097648e-01
2.045047619047619114e-01
2.071418604651162898e-01
1.943272727272727374e-01
2.034777777777777852e-01
1.865086956521739003e-01
2.010340425531914887e-01
1.955666666666666664e-01
2.006183673469387752e-01
1.859000000000000097e-01
1.920215686274509836e-01
1.925615384615384507e-01
1.837207547169811273e-01
1.902148148148148088e-01
1.918818181818181812e-01
1.892285714285714404e-01
1.903614035087719258e-01
1.870862068965517266e-01
1.867084745762711828e-01
1.769333333333333313e-01
1.712655737704918135e-01
1.720096774193548284e-01
1.695698412698412594e-01
1.565499999999999947e-01
1.413538461538461632e-01
1.485848484848484863e-01
1.427462686567164130e-01
1.557411764705882440e-01
1.465724637681159459e-01
1.393428571428571294e-01
1.439549295774647797e-01
1.487111111111110995e-01
1.403136986301369848e-01
1.401648648648648743e-01
1.409666666666666568e-01
1.204210526315789426e-01
1.140298701298701339e-01
1.094974358974358936e-01
1.072177215189873412e-01
1.089999999999999997e-01
1.070432098765432133e-01
1.049487804878048713e-01
1.071180722891566239e-01
1.079476190476190423e-01
1.048529411764705932e-01
1.044209302325581346e-01
9.905747126436781347e-02
9.696363636363636296e-02
1.080404494382022490e-01
1.014888888888888924e-01
9.610989010989011427e-02
1.054043478260869582e-01
1.047731182795698934e-01
1.007170212765957501e-01
1.075368421052631529e-01
1.018333333333333313e-01
8.960721649484536255e-02
1.009591836734693854e-01
9.298989898989898362e-02
9.450000000000000067e-02
9.549009900990099164e-02
9.135686274509803584e-02
1.005126213592233003e-01
1.060461538461538455e-01
9.513809523809524382e-02
9.986037735849057073e-02
9.464205607476636195e-02
1.064074074074074089e-01
1.032568807339449557e-01
1.048909090909090902e-01
1.068009009009008997e-01
9.908571428571429085e-02
1.046044247787610570e-01
1.102894736842105206e-01
1.111695652173913113e-01
1.233448275862068927e-01
1.293393162393162432e-01
1.293610169491525297e-01
1.364142857142857101e-01
1.398999999999999966e-01
1.350719008264462673e-01
1.351819672131147620e-01
1.443130081300812995e-01
1.407516129032257979e-01
1.519000000000000072e-01
1.597603174603174636e-01
1.521346456692913296e-01
1.516250000000000098e-01
1.589333333333333431e-01
1.610538461538461585e-01
1.521114503816793917e-01
1.600848484848484965e-01
1.650834586466165543e-01
1.734089552238805843e-01
1.751629629629629648e-01
1.668470588235294039e-01
1.767627737226277473e-01
1.651115942028985595e-01
1.674604316546762506e-01
1.781142857142857250e-01
1.836709219858156106e-01
1.890084507042253392e-01
1.868013986013986050e-01
1.879222222222222127e-01
1.835965517241379408e-01
2.000589041095890419e-01
1.984659863945578140e-01
1.854189189189189291e-01
1.826187919463087284e-01
1.846666666666666734e-01
1.882860927152317787e-01
1.840105263157894855e-01
1.839084967320261388e-01
1.790584415584415556e-01
nan
