5.566624135852308797e+01
5.567101533346874476e+01
5.571795678502532212e+01
5.654724090030433103e+01
5.557795923354387213e+01
5.542649376522876281e+01
5.558507293768141011e+01
5.530257785145995086e+01
5.551342338177845193e+01
5.598961270077931829e+01
5.515501239763511165e+01
5.595398362658417568e+01
5.569732892923479994e+01
5.648945592025675211e+01
5.637915305238543340e+01
5.589959061033179921e+01
5.513760683193725498e+01
5.522244195353844276e+01
5.585050890827960046e+01
5.514307215181764121e+01
5.638319568144215310e+01
5.560696031567648134e+01
5.634901539674847726e+01
5.611277354694596653e+01
5.537355255091995332e+01
5.614699660684429006e+01
5.514732632608131979e+01
5.603861450599116267e+01
5.541198854239601701e+01
5.505971313054335070e+01
5.625263472041284274e+01
5.590038389382456074e+01
5.548441980686413899e+01
5.653300719674425778e+01
5.646996546707209319e+01
5.597102145783155436e+01
5.582845062197465325e+01
5.601531202886319250e+01
5.530837665696312655e+01
5.522104771012266156e+01
5.551418626355391694e+01
5.593182262082669354e+01
5.629994390132487325e+01
5.596746054206593612e+01
5.548302647442580593e+01
5.554448489885489693e+01
5.571915980593480100e+01
5.632286659475618507e+01
5.635333157052448882e+01
5.578855935231118934e+01
5.522711270075724599e+01
5.578092136536824341e+01
5.544829887800293022e+01
5.500314982373002692e+01
5.540836365380467754e+01
5.568288811033792030e+01
5.572915070363711720e+01
5.562770739022035116e+01
5.650289146155900966e+01
5.638809476859506020e+01
5.568288491490331893e+01
5.534146962720374319e+01
5.561408157474755853e+01
5.575644872519524142e+01
5.585050455958128879e+01
5.624670962394247198e+01
5.580826195624025843e+01
5.631688205667475700e+01
5.639576967052781242e+01
5.583594618637839346e+01
5.512626650909059833e+01
5.599796576292575168e+01
5.572335150749894694e+01
5.650813940497602772e+01
5.531113586082440747e+01
5.641389509070090469e+01
5.575709174672591217e+01
5.512036564253877202e+01
5.582717964395293109e+01
5.565479173000076685e+01
5.568383414954711697e+01
5.573815580814800796e+01
5.601782892407733527e+01
5.649691284894171162e+01
5.612001005540798815e+01
5.642221172796570983e+01
5.647481772184314508e+01
5.632415520192001424e+01
5.628981957659762969e+01
5.611880853172846884e+01
5.603225763273619009e+01
5.538574176213973743e+01
5.636252053546397889e+01
5.663565728280495648e+01
5.616876704549687105e+01
5.576665149813022282e+01
5.518616662840278053e+01
5.605305658662890522e+01
5.600427601767545838e+01
5.558389379008961129e+01
5.507805949824138736e+01
5.566879390242999648e+01
5.592006832089616353e+01
5.643557789774853006e+01
5.584146845588873731e+01
5.626995306119813733e+01
5.551427008496278859e+01
5.546374898009517551e+01
5.632344956931104463e+01
5.610565146867321573e+01
5.577217158243692552e+01
5.536198987503890834e+01
5.512079956052804164e+01
5.588301323868415693e+01
5.642712856163108626e+01
5.530616875938895305e+01
5.529486904648072709e+01
5.594111487918534209e+01
5.616866488397359092e+01
5.587997927150148314e+01
5.583656669813424855e+01
5.597784019492124230e+01
5.511111855824321992e+01
5.584832112710259366e+01
5.613915098263965575e+01
5.537175343472240030e+01
5.622425642067786811e+01
5.588681775751542347e+01
5.562694458668632080e+01
5.549202021122635387e+01
5.594386704531765986e+01
5.673351962281432748e+01
5.570769956168644654e+01
5.567176806192367167e+01
5.604066717388641194e+01
5.544203340249239176e+01
5.638986030834838203e+01
5.624302952242155129e+01
5.540126244884856277e+01
5.618931924349283236e+01
5.540272189539024339e+01
