4.601324028898033935e-01
4.400588227173898304e-01
4.623123910167305506e-01
5.417279160751968803e-01
4.098308813461016831e-01
3.324239601344697870e-01
5.268781548058086850e-01
4.172798456658847743e-01
4.197389525210019068e-01
3.909346378160853397e-01
4.775687942237618611e-01
4.405263868406836814e-01
5.042328132482657432e-01
4.084982198879447690e-01
5.267598977674492478e-01
4.756732327705276431e-01
4.759068162382027456e-01
5.059803545462864260e-01
3.950497102273766159e-01
4.336666953685380799e-01
4.744687179959191647e-01
4.726334914837297951e-01
4.595699975585709196e-01
4.877636749341377476e-01
4.440598735429693855e-01
4.694429123079612576e-01
4.262602236772772835e-01
4.900646681288617357e-01
4.235857339587323356e-01
4.229125713769144590e-01
4.983304166283051284e-01
4.381085355741811127e-01
4.728885918728474302e-01
4.906979140064527400e-01
3.676848742248057800e-01
4.546421316399391621e-01
4.305401972163099278e-01
4.755114761173399596e-01
4.770706628129369187e-01
5.038083076248085490e-01
4.635808548253158023e-01
4.601976904305843386e-01
2.926734517438080996e-01
4.037958151381439986e-01
3.671807272071578310e-01
4.834846973168305251e-01
3.927835375711356547e-01
4.394818727672372694e-01
4.810638964427244035e-01
4.816774485591918120e-01
4.399395895044472260e-01
4.551665994119275527e-01
4.640438972147808427e-01
4.018746459806448179e-01
3.749511215904021699e-01
3.882328345458063157e-01
5.041878727678635874e-01
8.909925957557356391e-01
4.801701411922408846e-01
4.827542156567801723e-01
4.735868041796243433e-01
3.825556220912608163e-01
4.760309609046453061e-01
4.431322652413337004e-01
4.626848297795322917e-01
5.128590010829202628e-01
4.117243943278935947e-01
4.166098021410721275e-01
4.425352133254298326e-01
5.008442891411482023e-01
3.329733720252352480e-01
2.700968454540475516e-01
3.823852197714654455e-01
5.314552216035440813e-01
4.650186909375747524e-01
3.849751706754818703e-01
4.587636968281276761e-01
4.575044457800276909e-01
4.715135411888627393e-01
4.908462601545579562e-01
4.564758119477005383e-01
4.195270416385801782e-01
4.206458739395247948e-01
4.751370948919293458e-01
-2.345682402608081141e+00
4.331150217076105702e-01
4.413111831154378772e-01
4.258453059283487940e-01
4.363168366387458197e-01
4.841485453780933201e-01
3.870199956846431810e-01
4.638464291337709433e-01
4.673884837159448802e-01
7.288785604389886874e-01
4.598824127155898833e-01
5.181727851898949577e-01
4.524526398698549001e-01
4.164910598056194013e-01
4.734189374879519963e-01
4.680731112116746084e-01
4.674585028350065619e-01
4.974527517743922433e-01
4.581643841508116766e-01
4.489628119013343577e-01
4.441788559857332008e-01
4.613488949826728414e-01
4.681828399821552078e-01
4.220964579903784264e-01
4.269968711578758236e-01
4.645930072161126856e-01
4.857659011652435965e-01
