nan
nan
nan
nan
nan
5.466122686138690234e-01
1.986228314218421165e-01
4.850215782952738142e-02
2.214986623388170983e-02
9.155044596704686732e-03
1.930555844498238471e-02
1.488875200848083225e-02
1.652471161840429748e-02
6.719293774080314918e-03
3.734053986044094664e-03
1.990819981209757117e-03
1.222605010340438447e-03
7.007324495761357852e-04
3.751903532084321924e-04
3.945411296102374621e-04
9.250704520278318910e-04
7.565312697364046102e-04
5.106830329045797257e-04
4.805489065830004236e-04
3.216913379717745158e-04
2.853947762332387228e-04
2.740042434442591102e-04
1.477580944326817303e-04
4.624724464812324243e-04
4.304227799645232722e-04
1.786827755424491571e-04
1.913710313110605910e-04
4.552177057234318980e-04
1.267863432339644270e-03
1.102466488297260128e-03
6.503676675404523877e-04
6.753989951084893306e-04
5.328312434201842862e-04
1.001152338992672419e-03
1.011853768244308505e-03
1.509470967012149778e-03
1.778940286231822654e-03
1.629823242640604519e-03
1.584724423392969150e-03
6.461404937272430260e-04
9.147194458313245846e-04
6.566222064386950663e-04
6.596677148450469375e-04
5.895773728984421425e-04
7.779094149387155710e-04
6.815154816697255313e-04
6.436813111708739044e-04
5.891428946397381239e-04
9.025801317080750508e-04
7.250456193155230267e-04
8.933482461565001032e-04
2.236316987746511664e-03
2.205780022130898743e-03
1.303548448702618323e-03
1.584705615377268728e-03
1.324236119899180331e-03
1.279702033311513887e-03
1.968754234938252523e-03
1.323587236106926746e-03
1.788814188924736648e-03
1.193791054593051904e-03
1.172619202323921250e-03
2.163271186710558069e-03
2.766607834319256831e-03
2.994694862764268883e-03
2.115407909952238263e-03
3.087687899872570974e-03
2.079217489854290335e-03
4.204164198620241599e-03
2.249874166842746881e-03
2.925194593541791122e-03
1.954408078802871707e-03
2.436736992884602770e-03
2.652323897808783748e-03
2.521180018990265559e-03
3.762970280773103582e-03
4.541211514582199626e-03
2.875208674462781389e-03
5.647368320463752589e-03
4.443135483893301263e-03
3.811539530115926055e-03
4.814110663609483254e-03
2.624710267402741160e-03
6.110412703336898232e-03
4.830687207141637352e-03
4.615501759896112333e-03
5.315315233378137272e-03
2.310447232621637426e-03
5.446646636486529580e-03
3.728545064353383509e-03
7.774531228243564129e-03
6.770151428453052844e-03
3.866136814899223673e-03
5.243981889504256699e-03
6.664510088306707658e-03
9.451410868778431507e-03
1.207009150749549509e-02
8.385129038321670336e-03
7.001687979341086887e-03
1.353127711473012251e-02
3.267177214444139111e-03
5.667819824491604486e-03
5.247515545191205888e-03
7.635012763957949034e-03
6.745772027038410279e-03
5.094244581146711859e-03
6.509112357057311726e-03
6.389806841144540783e-03
6.800886011784412766e-03
8.415287153912154317e-03
5.921726086842937775e-03
4.821434831445370328e-03
5.873522121380481131e-03
1.076283120148180394e-02
1.256425169584363122e-02
2.177772783826315006e-02
1.792909078950488677e-02
2.085389332966436360e-02
2.018901755759039407e-02
2.060752766162876615e-02
1.674355396584326083e-02
2.024232634958766930e-02
1.986401873293763831e-02
8.496437791641331394e-03
1.646227551777035281e-02
2.698142072941123182e-02
2.118248154442348152e-02
2.798317482637924236e-02
2.486402224620321011e-02
2.446024286087244981e-02
2.903773597339642798e-02
2.457463385092073516e-02
3.297555308583521860e-02
2.517842911669310180e-02
3.494541706419118654e-02
2.855517570477006384e-02
1.931734587544142734e-02
2.793496578418885878e-02
1.779204375944432037e-02
3.187405224767936307e-02
2.410006015487653475e-02
2.166114906959792918e-02
2.930752446567519431e-02
2.099269322137609084e-02
3.929086249159774447e-02
2.844776144547100927e-02
3.564913006964876008e-02
2.498631729227762666e-02
3.285367967230523600e-02
3.118057718918443300e-02
3.025911913179102353e-02
6.130926029501337915e-02
5.590805552783095767e-02
nan
