3.700000000000000178e+00
1.223333333333333250e+01
2.426666666666666572e+01
3.714999999999999858e+01
4.925000000000000000e+01
4.954999999999999716e+01
6.325000000000000000e+01
7.243333333333333712e+01
1.162666666666666657e+02
1.253166666666666629e+02
1.350500000000000114e+02
1.673000000000000114e+02
1.785166666666666799e+02
1.970999999999999943e+02
2.201833333333333371e+02
2.235166666666666799e+02
2.449000000000000057e+02
2.570500000000000114e+02
2.918666666666666742e+02
3.318000000000000114e+02
3.460333333333333599e+02
3.573333333333333144e+02
3.581000000000000227e+02
3.645000000000000000e+02
3.687500000000000000e+02
3.710333333333333599e+02
3.830500000000000114e+02
4.078999999999999773e+02
4.161499999999999773e+02
4.226166666666666742e+02
4.269499999999999886e+02
4.329333333333333371e+02
4.511166666666666742e+02
4.637333333333333485e+02
4.749333333333333371e+02
4.969166666666666856e+02
5.118500000000000227e+02
5.343166666666667197e+02
5.362999999999999545e+02
5.610499999999999545e+02
5.639833333333333485e+02
5.693833333333333258e+02
6.147166666666666970e+02
6.540166666666666515e+02
6.706000000000000227e+02
6.711333333333333258e+02
