4.733333333333333393e+00
7.333333333333333037e+00
1.638333333333333286e+01
1.943333333333333357e+01
2.064999999999999858e+01
2.569999999999999929e+01
2.998333333333333428e+01
3.428333333333333144e+01
3.646666666666666856e+01
3.898333333333333428e+01
4.220000000000000284e+01
4.571666666666666856e+01
5.558333333333333570e+01
5.989999999999999858e+01
7.390000000000000568e+01
7.959999999999999432e+01
8.121666666666666856e+01
9.528333333333333144e+01
1.037166666666666686e+02
1.060000000000000000e+02
1.098833333333333400e+02
1.129833333333333343e+02
1.149500000000000028e+02
1.219500000000000028e+02
1.308166666666666629e+02
1.320000000000000000e+02
1.342333333333333201e+02
1.446999999999999886e+02
1.473499999999999943e+02
1.497333333333333201e+02
1.520166666666666799e+02
1.550333333333333314e+02
1.626333333333333258e+02
1.654499999999999886e+02
1.671833333333333371e+02
1.684000000000000057e+02
1.700000000000000000e+02
1.713666666666666742e+02
1.773166666666666629e+02
1.855999999999999943e+02
1.870166666666666799e+02
1.945166666666666799e+02
2.023000000000000114e+02
2.117666666666666799e+02
2.136833333333333371e+02
2.175666666666666629e+02
2.197666666666666799e+02
2.266666666666666572e+02
2.276833333333333371e+02
2.289833333333333201e+02
2.354833333333333201e+02
2.367666666666666799e+02
2.401833333333333371e+02
2.484333333333333371e+02
2.502333333333333201e+02
2.554666666666666686e+02
2.583999999999999773e+02
2.587666666666666515e+02
2.591333333333333258e+02
2.707833333333333599e+02
2.732666666666666515e+02
2.762666666666666515e+02
2.793166666666666629e+02
2.920833333333333144e+02
2.934333333333333371e+02
2.972833333333333599e+02
3.038166666666666629e+02
3.070333333333333599e+02
3.112833333333333599e+02
3.133000000000000114e+02
3.268333333333333144e+02
3.321333333333333258e+02
3.382166666666666401e+02
3.457833333333333599e+02
3.502500000000000000e+02
3.552666666666666515e+02
3.587833333333333599e+02
3.727333333333333485e+02
3.748500000000000227e+02
3.807166666666666401e+02
3.836166666666666742e+02
3.904166666666666856e+02
3.928833333333333258e+02
3.959666666666666401e+02
4.003000000000000114e+02
4.009833333333333485e+02
4.126833333333333371e+02
4.191999999999999886e+02
4.209333333333333371e+02
4.262500000000000000e+02
4.284333333333333371e+02
4.313833333333333258e+02
4.427500000000000000e+02
4.444499999999999886e+02
4.461499999999999773e+02
4.541333333333333258e+02
4.607166666666666401e+02
4.734666666666666401e+02
4.838333333333333144e+02
4.866999999999999886e+02
4.939499999999999886e+02
4.962500000000000000e+02
4.998500000000000227e+02
5.008333333333333144e+02
5.082166666666666401e+02
5.169666666666666970e+02
5.196833333333332803e+02
5.279333333333332803e+02
5.297833333333333030e+02
5.327333333333333485e+02
5.376833333333332803e+02
