4.464578770549507830e-02
3.456752099504569950e-03
3.241313107018072709e-02
3.666445895564720420e-03
-1.471524247670231468e-02
2.845581169474712541e-02
-5.966146461178652854e-02
4.190698503439876238e-03
-5.903367829053422777e-02
1.660653152877216571e-02
8.480642450009553968e-03
2.627862708688780830e-02
5.196584064394187651e-03
1.619290956872078066e-02
6.480838572896231720e-02
-1.897803405632657661e-02
2.938488860286270232e-04
2.336805081214492902e-02
-1.865947762660084830e-02
2.757647226323115333e-02
-1.974832047262168461e-02
-1.895864269078060757e-02
-5.966042589158178366e-03
-2.849996262424383392e-02
3.768377825705897244e-02
-8.863667335292006386e-03
8.531175904627161591e-03
-2.301608329416467147e-02
-4.998589739522230763e-02
-1.176270708211973187e-02
-5.716411057140931111e-03
-1.312575111928708776e-03
3.148198768152440236e-02
1.620307063855477847e-02
-3.819380611077747428e-02
-2.055910827498053095e-02
5.568962935028935052e-02
-2.246947671649422718e-02
-1.184090985638022210e-02
-8.325364030407627833e-03
4.344443707092296089e-03
-5.548556012946164601e-02
-2.796169884791197598e-03
-8.616237917440799227e-03
2.386274999344436751e-02
-4.367594570821893042e-03
-2.689274685852353908e-02
1.134907094577556480e-02
9.499938560766167314e-03
-1.592426898427561381e-03
-1.041469893332020932e-02
-1.860932717243599793e-02
1.749948471751736068e-02
6.644814617921497579e-03
-4.149577993764751171e-02
-4.361250641443234488e-02
-1.223656883536193563e-02
-2.807534695399340266e-02
1.009200491944625341e-02
-1.325593891353378170e-02
-5.917771045201788982e-02
-1.160102850245493811e-02
-1.086093388205392751e-01
6.736116931097057637e-04
-8.153215603397824876e-03
1.443642659767419879e-02
-4.312674889669665390e-02
4.434575591683256185e-02
-6.185566817862309108e-06
6.856279214216783047e-02
2.656543866169158892e-03
-3.795898386155158871e-03
-3.134201278282944259e-02
2.535148083496437804e-02
-1.823390321254350979e-02
-2.202992734930717122e-02
1.475074589755649875e-02
-1.403600286148673666e-02
-2.676700483168588211e-03
4.805480142400597038e-02
2.656101426382520125e-03
5.272373952704925010e-02
-2.348797860418073979e-02
-8.606467506547801558e-03
-2.846603419293842335e-02
4.897767136096718016e-03
-8.160149564891411647e-03
1.635456877692490624e-02
3.811379549347293613e-04
1.590266766960553302e-02
-6.013395120897712526e-02
-3.304510826470732215e-03
-1.402348234917155829e-02
-8.411357270123289570e-03
1.191601008569591683e-02
3.277378332199987199e-03
-2.135106799972845675e-03
-2.703772307482950246e-03
2.926164801613936189e-02
5.104013914111646746e-03
-1.837314202677134758e-02
-2.813245804787243426e-02
-2.560675708721532953e-02
-4.463430104152507627e-02
-3.668123063337475065e-02
9.374336350726935815e-03
-9.180103101729173917e-03
-2.195399698314133563e-02
4.631945507709360824e-03
-3.707623192004234902e-02
2.304831559944204959e-03
-1.266564963254552395e-02
2.262846376577385896e-02
8.286629873923629860e-03
-2.192433794344765541e-02
-4.983974601193949527e-02
-1.326764121938538155e-02
-1.244895016463885840e-02
3.411726274330931230e-02
-2.446011439505184695e-02
-1.159574371063513271e-02
-4.149023373527143191e-03
-5.243359973979067751e-02
-2.199462491140366169e-02
-8.388401206203752181e-03
-4.998134716201093480e-02
-2.891331020906477700e-02
-6.112088503051608945e-03
3.297423026135788693e-02
3.896627248714026187e-02
-1.904409221592232027e-02
-9.113170852756979912e-03
-7.357686329876287311e-03
1.590947896822512975e-02
2.511414859672527269e-02
2.260773935592396908e-02
-3.564615720820256406e-02
-6.951453954444559991e-02
-1.320777765408723825e-01
7.818109544752360751e-02
-6.106961233110496517e-02
1.408692266918137696e-02
1.073792961017033983e-02
1.227638507621122733e-03
-1.068312801976844563e-02
3.510590489813125714e-02
4.022765346081769340e-03
4.024883444265014792e-04
-1.585588793599868040e-02
-6.568472373085967875e-02
4.340483268000298184e-02
2.452749959615516551e-03
2.734403190025886787e-03
-8.015248321540469068e-02
-1.081082949734877771e-02
-6.963126175108982040e-03
2.345890014169754040e-02
3.682682426248334168e-02
-2.278687071513217990e-02
