4.353255331589536703e-02
-7.168305267971163131e-02
2.245463795813520957e-02
-2.979737471150429098e-02
-7.294563493168994273e-02
3.754656200572639713e-02
6.182923549872043623e-03
-1.896797028850812777e-02
-3.369433803718777792e-02
1.432472314579229071e-02
9.860600889871193320e-02
-1.804248306429940413e-02
-1.874783579145343840e-02
1.059166478026156780e-02
1.984249252633731031e-02
-2.808418052477463806e-03
-6.095740148444520057e-02
-6.558904158822542740e-03
2.684275161651953484e-02
6.723388306763809080e-03
-5.470589487248389733e-03
8.348560854635707351e-03
3.682716922493455003e-02
2.329204811506997361e-02
2.992895997858795523e-02
2.601993202072094488e-02
2.500013524706673831e-02
-7.753835616175592908e-03
-4.674596473898418730e-02
-1.266263092301795623e-01
1.201928319513513067e-02
-3.442721642048184039e-02
-4.295882723079216814e-02
-1.757958628979736093e-02
-3.224399251297085933e-02
-8.357897065164933761e-03
3.456168356830175998e-03
2.339805216802801763e-02
-4.013743283351346031e-02
6.581590424996192762e-03
1.770801350359988563e-02
9.309815448247035774e-03
-4.527082403384952158e-02
-1.010362001348880795e-02
-1.293286619504897296e-02
-4.593136513369700316e-03
-4.281008427853975895e-02
1.815680865919944154e-02
-2.988964154656855582e-02
1.833242097834158688e-02
-1.959993809540264836e-02
-2.699329516970976756e-02
5.796829368733824595e-03
-4.916048485349506364e-02
-2.106998495837842864e-02
-1.966166760214719048e-02
-2.009106965260571212e-02
-3.261591968941956825e-04
-2.275796760101854790e-02
-5.612893868816854620e-02
3.313488087244195746e-02
1.246507809441447928e-01
-5.034193289725351350e-02
3.216681416170558833e-02
-5.380829630962580094e-03
1.091636356649360040e-02
6.077611872785837650e-03
-7.044511937436141735e-02
1.983037132270055666e-02
-5.390901962159887206e-02
3.879579963029300481e-04
-1.050659213585277037e-02
1.440063139719995923e-02
-1.979013047584771839e-02
-4.378346955617757642e-03
-1.965600034807835073e-02
-2.071652077435373954e-02
-7.482861330955757097e-03
-5.887914008005168745e-03
-5.679660739318365126e-02
-1.078827653241091859e-02
7.000140858383474725e-03
-4.250894309212754213e-03
-4.661886861753089528e-02
3.938437858607358316e-02
-6.311742956573880396e-03
-2.783143105624219515e-02
2.072613191068398836e-02
5.387634629612420879e-03
2.575235595038975756e-02
5.949743867523693899e-03
-4.662205534886765951e-02
-1.715184452736025211e-02
3.202600635951625974e-02
2.029228155632040523e-02
-2.200387507611594601e-02
-2.053307276234477355e-02
-7.537804080853333956e-03
-2.674989898390776888e-02
-6.760786748996679141e-02
1.473423044043670367e-02
-3.189481759523801058e-02
-1.164182155127264223e-02
1.953907764186624198e-04
-8.949668124922710230e-03
3.687855078990992519e-02
2.196938159748242428e-02
4.678225132036459288e-02
3.687411616285658084e-02
-4.812728685501383580e-02
-7.747776990554484412e-03
5.248285702051134344e-02
8.914250353452643494e-02
2.822672102176625175e-02
-1.888969419196427982e-02
3.648121724318571096e-02
6.812363801926722175e-03
-2.858365444397236235e-02
-2.731319666468834742e-02
3.653515033814756091e-03
-7.077161902448097369e-03
-8.617358982558415148e-02
2.182029061417551860e-02
-4.255277159283764321e-02
3.304644073627173440e-02
-3.302516828666739179e-02
-6.369720426484377918e-02
-3.176055666989327508e-02
-6.940901244304882069e-03
-2.340783492845730299e-03
-5.738930065434715531e-03
-3.650955887827933566e-02
-3.334607610673856384e-03
4.086021998677211164e-02
-9.869353337604877541e-02
-9.669411860703575404e-03
-1.709216603578340640e-02
-1.527228624585177464e-03
-8.673461704699661490e-02
-6.063995499535394795e-02
2.861650543059795354e-02
