-1.941485265381295733e+00
-5.255050850008800012e-01
-3.542859748564952227e+00
-2.611850810537639234e-01
-4.205990299508322039e-01
-4.411947996569423935e+00
-1.262099013878795972e+00
-1.443376472067365412e+00
-8.402742167311348709e+00
-9.967866241000322702e-02
-1.269458202924514367e+01
-1.722105462422659272e+01
-5.246878421253324376e+00
-3.797012546872160499e-01
-4.321924780915900044e-01
-4.656290840073888049e+00
-3.701487218720522776e-01
-2.356578910809755456e+00
-4.369761044925688509e-01
-2.494295310054042147e-01
-7.143890635597546890e+00
-1.764622180227615189e+00
-5.734084005718679933e+00
-8.210869843895576281e-01
-9.274382060253003601e+00
-4.868620751391800283e+00
-1.189064699048518747e+00
-3.089179356051374725e-01
-8.143828655130320726e-01
-2.021647870904805089e+01
-3.645276804420003458e-01
-6.006354459386104239e+00
-1.626221829802549124e+01
-5.704566255445111977e+00
-1.836831698631806020e+01
-1.850220737799379123e+00
-5.120964081459558059e-01
-3.996361462622807892e+00
-3.690349435564712621e-01
-2.491353883535232683e+00
-4.433529451417825840e-01
-5.105157097579366976e+00
-9.836352553272408983e+00
-4.743300753669963399e-01
-3.093176204112744188e-01
-5.458853720361442896e-01
-1.047901150447952290e+00
-1.009577058715862918e+01
-6.983484145885302752e+00
-2.183860332540064064e-01
-1.297926096844571120e+01
-1.157023325664987112e+00
-7.444762861208040761e-01
-4.652732785438677965e+00
-1.884242536050049210e-01
-1.423368726041448795e+01
-1.898886497239557158e+01
-3.326048689787430845e-01
-9.344298397358926422e+00
-1.274186125242185952e+01
-1.671987818517242985e+00
-2.440724084019191054e+00
-1.096157609501528185e+01
-4.324045414149093602e+00
-4.010871741845036809e-01
-4.687898791867048942e-01
-4.780602555873922910e+00
-1.177217001760289250e+01
-3.706085333264503845e-01
-3.716530164517939383e+00
-3.398076201180337819e-01
-7.980181648678858153e+00
-1.862775117058813024e+01
-4.643228574335687142e-01
-3.979787994573538157e-01
-8.699286399571253270e-01
-8.346792154571041067e-01
-4.645374078503127890e+00
-1.621693371731668165e+00
-6.894503145703273717e+00
-3.616665537155974164e-01
-1.074931304149515654e+00
-1.190911636436963406e+00
-1.130086127203236757e+01
-6.164637832337866996e-01
-8.175930993448776718e-01
-9.268213581770382348e+00
-4.286132484215414706e-01
-6.363677416782120844e-01
-3.847597770713626630e-01
-3.412214865496849825e-01
-1.880590406471375431e+00
-1.385027994802798901e+01
-1.296579172426326920e+00
-1.256568955312070912e+00
-5.013520910884388115e-01
-1.746149470016909788e+00
-1.155840227934733733e+01
-6.480492428370848046e+00
-1.271987726262943141e+01
-2.602123497359841053e+00
-4.933679080861852029e+00
-8.788569224251236989e-01
-1.638449340622555184e+01
-4.552764533350163845e+00
-8.884519778208417762e+00
-2.749971663591814774e-01
-1.910821681237061398e+01
-2.422106930801367852e+00
-1.390272670410283240e+00
-2.557814491072980090e+00
-1.007095019768005528e+00
-1.872157159122804515e+01
-2.928519292154412312e+00
-2.330601044138083111e+00
-2.987551147784277106e+00
-2.252520883444732647e+01
-3.289013481509556414e+00
-2.635352595471296411e-01
-7.462416261005063944e+00
-4.213318050479823995e+00
-1.340619178114589971e+00
-2.014309547690339386e+01
-1.652309354806774877e+00
