-6.453999877062073509e-02
-3.588742258343472630e-02
-1.832701433469651475e-01
-1.532357372122072625e-01
1.873737964302790715e-03
-9.416803999506101475e-02
6.929537578976578682e-02
-7.289275922450656753e-02
-2.146218666021673105e-01
1.467878375008740410e-01
1.764071376819288314e-02
9.916548228512681029e-02
-2.246298589399788048e-01
-1.380201892879971137e-01
-1.427303950214161565e-01
-6.647326388230964667e-02
-9.064937848286945543e-02
-3.948606587183979832e-01
4.052828938525715463e-01
-1.294316377002519280e-01
-1.385282693991692349e-01
-5.023957954369109163e-02
-4.292628943886597770e-02
-5.071172465851304934e-02
-2.256494668231681655e-01
1.349312072199609219e-02
5.326645152386055848e-01
-3.049016263266002835e-01
-6.680194836956843130e-02
-1.397606907560043632e-01
-2.172056537330632753e-01
8.576817653372245664e-02
-1.260066313294305462e-01
-3.559300917227574412e-02
-6.371586385633008776e-02
-7.308384302471494787e-02
-5.221353148180469389e-02
1.520824959635683760e-01
6.364738416329601689e-02
1.802455435454010102e-01
3.742873269985579759e-02
-3.105345117552916978e+00
-6.060651373886309923e-01
7.854758055421143248e-02
1.460864855049385236e-01
-5.362909259816916324e-02
1.451552209325109311e-01
-1.259029935891317065e-01
2.431664014696821238e-02
2.874326362239912683e-02
-6.471796396901595416e-02
-1.473766723056621764e-01
1.364645625527350636e-01
2.254399204598019069e-01
-3.079693103063121384e-01
1.066101913391901274e-01
7.672830700775307156e-02
7.668364103407157399e-03
2.363357349927582701e-02
-7.252160117197921529e+00
-7.352664707992653259e-01
-2.040775362875720589e+00
-7.437780525502830919e-02
1.484455113269064069e-02
-4.279167265595026359e-01
-2.252319834161528311e-01
-1.512187269155066405e-01
8.140703187360984194e-02
4.067669246062451116e-03
-5.274300118987753500e-02
1.471409575421046279e-01
-1.323605121820161212e+00
-6.120311183603121402e-02
8.174720286785486234e-02
-6.156316521597483549e-01
-3.944389445172344910e-01
-2.649827854461069609e+00
-6.236228092638953363e-02
-2.874736672677227212e-01
7.553055491126314802e-02
-3.716834007179272825e-03
-3.642616442561063400e-02
9.868847083687910804e-02
-1.004971622487735194e+00
8.355324339982984905e-02
-4.966960185407060663e-02
-3.086583954633590476e-01
3.530193437334219232e-03
8.807138051512765353e-02
-1.519072364969825450e+00
-2.573650936825095492e+00
-3.202956672494792767e-01
-2.174732739123783065e-01
-2.946212118805576208e-01
5.335772803159727351e-02
2.570582296488601037e-01
-3.812569322459154197e-02
-2.903294228467882543e-01
-8.967057343386320989e-01
-3.330077383618913478e-01
-4.820422262301201632e-01
7.691559438360416889e-01
-2.068667238728460200e-01
-2.207342246397831775e-01
3.621642759317442284e+00
-1.998983722460188517e+00
-1.511315188584418934e-01
-1.317279551084845901e-01
-3.121628957015377681e-01
-1.394076364982737570e-01
5.824598222770401845e-01
-6.355759933917055904e-02
1.583036667123117677e-02
2.761256286820165662e-01
3.544588923975243167e-01
8.823425795043795539e-01
1.525683849285610350e-01
-1.329956852528942912e-01
-1.529362799408112039e+00
2.759165385671099036e-01
-1.432041315756532596e-01
2.712940423173983984e+00
-1.481631613123295110e-01
-2.677434350282529074e+00
7.553104475685358532e-02
-1.272422201293486044e-01
-8.779888064679289839e-01
1.308211519571187864e+00
5.556483277293696732e-01
3.339669345131710508e-03
-1.553418567076442880e+00
-6.082554138736139260e-01
-6.219257962577455778e-01
-1.401875101219189901e-01
-4.575833088338026600e-01
-2.177005936867556224e-01
-6.200455812868015393e+00
8.107694211673105444e-02
-5.832882574048858793e-01
-6.480793344133189970e-02
-7.596855406169066294e-01
-1.016285914762729670e+00
1.396588592417579155e+00
-1.508802651293473240e-01
-1.520096268892578428e-01
5.569853807199227624e+00
-1.543123513819352755e-01
-3.509748025313945141e-01
-2.144304942267581393e-01
6.514801895438722401e-02
-1.438044839500150773e-01
-4.070535409552593187e+00
-1.083309981205843597e-01
1.276510324521586970e-01
1.944765501878862324e-01
-9.955497107120101496e-01
