1.339077295588526895e-01
-1.612787973056083457e-01
-7.070710520056422421e-02
-1.721696510919295542e-01
1.697012087728421714e-01
-9.633079667170932336e-02
1.993584706396063500e-02
-3.170963145614959511e-01
-1.737488523647982563e-01
7.269695166028100619e-02
9.233625410946018353e-02
-4.366872879482514014e-02
-3.288729058245178360e-01
-3.164329820128045784e-02
-3.343019285377434313e-01
2.790961713564138469e-01
8.022610847238383081e-03
-6.779206846159241406e-02
-9.067997797117754999e-03
-2.126421123424472592e-01
2.698439265080196381e-02
-3.219457272264901193e-01
4.155687937870476412e-01
8.650342658350837488e-02
-2.787910771237534502e-01
6.773164516773931554e-02
8.506689444631319874e-02
1.213385440356728462e-01
-4.414972026394821392e-02
9.146384360743241293e-02
-2.955843663121413695e-02
-3.119008875537548353e-01
7.315020301143703926e-04
-2.229123035358088478e-01
-1.314674708249526647e-01
-9.412841342785910337e-02
5.538480227232867037e-02
-1.771044798506238860e-01
-1.271079075955449944e-01
-2.617983553837390787e-01
-3.601218602388320256e-01
-1.369740151797680106e-01
-2.058984725677979744e-01
-2.501287204464944236e-02
-5.410328042495584633e-01
-2.586859314249818631e-01
-5.726669652816553623e-03
1.179328688657528823e-01
-4.196288923362583301e-01
1.552859830796251006e-01
1.818332472382300502e-01
6.691616579153901456e-02
9.479228972915734741e-02
6.458613167019859880e-01
-7.462972236772202894e-02
-8.726406095248080697e-02
-9.001917713147462863e-02
-1.646710580603212223e-03
6.172922948389399089e-03
-6.724109672272902960e-02
7.659622751094274928e-02
-1.102406913038566916e-01
1.119458205417902252e-01
-2.032941938276394342e-02
-1.699573906249497723e-02
-2.118669278453182980e-01
-1.089767644288295451e-01
-5.856732445187390335e-02
-4.493719256743247681e-02
7.506853450862649435e-02
-2.110030958803599810e-01
-2.178326618940479853e-01
-6.555584457832196177e-02
8.941552885115697236e-02
-2.075040430469243802e-01
-3.937629833335790641e-01
-1.084328735631964885e-01
-1.965406130923384037e-02
-5.033231662336902223e-01
9.108258212511259611e-02
-5.779406358255578802e-01
2.942689426710330680e-02
4.725009025653548883e-02
1.856773781664560474e-01
-3.580070044352464675e-01
-1.454851870647098644e-01
9.684704714720908381e-02
5.238391565012122386e-02
-2.430928061696201459e-01
5.467008722301557044e-02
-4.803633868928045697e-02
-5.188306620157174809e-01
-4.989753811214339141e-01
1.086722801674739058e-01
-4.311597806980842218e-02
-9.321173008849654995e-02
-1.776661093339146069e-01
-3.695709787846021555e-01
-5.124696722128874171e-02
-3.488603090660916672e-01
