5.525127685247264253e+01
5.613215352920062884e+01
5.598676498868396578e+01
5.591117819990167703e+01
5.616425757234677008e+01
5.517961366535002554e+01
5.633961540376383681e+01
5.622094333420746182e+01
5.615208419210745916e+01
5.541253823922368582e+01
5.817177707381249974e+01
5.629051959192096177e+01
5.564311476561737635e+01
5.536855704000259948e+01
5.611491481834595874e+01
6.149790838388607028e+01
5.536881157460993563e+01
5.564332506717064319e+01
5.796325843617716345e+01
5.515861895195847353e+01
5.539797901739869701e+01
5.524761245237711194e+01
5.616809487323806849e+01
5.593835301008858352e+01
5.546527036034348157e+01
5.667428960937206028e+01
5.625537912637587823e+01
5.596690078659096912e+01
5.538939062677464875e+01
5.526908730850996676e+01
5.637504372492091420e+01
5.555363926523543938e+01
5.614591558031015239e+01
5.529930228288868221e+01
5.508624709599288138e+01
5.534350281915237701e+01
5.604861300930081569e+01
5.554150064697938660e+01
5.587568299289728202e+01
5.570397095885068239e+01
5.592082706225542665e+01
5.594259463436593194e+01
5.604882668740668805e+01
5.688899928159344199e+01
5.704400539491651756e+01
5.553221394890212537e+01
5.513577847549918687e+01
5.554014672074377046e+01
5.535497320520423159e+01
5.645702629144420115e+01
5.582285770490859989e+01
5.585487707393271961e+01
5.572632952824677233e+01
5.597123787986341625e+01
5.533761714932432341e+01
5.623976545278262051e+01
5.562712590570964721e+01
5.633795063052316010e+01
5.603027433218927200e+01
5.672329007134361234e+01
5.603191651350955738e+01
5.621353584315855301e+01
5.515366487108647675e+01
5.577474732904460808e+01
5.628538731635612891e+01
5.710397136290711728e+01
5.514300741314760756e+01
5.605671676037596285e+01
5.508422381850979122e+01
5.599558564192084731e+01
5.627781129702184870e+01
5.636968111288332750e+01
5.530251087952261457e+01
5.602611079671765992e+01
5.579888902802553474e+01
5.618137695495777706e+01
5.518545738583938487e+01
5.549042929934410040e+01
5.621506991539245490e+01
5.640300820947491189e+01
5.630957032375936677e+01
5.529027056292375164e+01
5.520138093006831070e+01
5.569731134767366854e+01
5.511796414983385262e+01
5.605268008581214900e+01
5.587445132044592100e+01
5.591821714709416113e+01
5.614368417632591246e+01
5.573191287592462118e+01
5.637910933506092448e+01
5.785089704802133070e+01
5.532705158471856777e+01
5.538144970248444565e+01
5.545358985204737934e+01
5.623699277386794648e+01
5.654023176329048539e+01
5.855930818303809815e+01
5.541094058521945698e+01
5.510661500294099824e+01
