8.093154721806103957e-01
7.651557151870906903e-01
7.628846901580641493e-01
7.074708653390803237e-01
8.835298517600677082e-01
8.319917710319802984e-01
8.969828147627003645e-01
9.276389708268084622e-01
7.754780555437786882e-01
7.786168591545447049e-01
8.249039978153155372e-01
7.606100296070462674e-01
7.287923761992033400e-01
5.124419222710252519e-01
7.513098681592350614e-01
8.030819011675999208e-01
8.789562649937624483e-01
6.619387631689960250e-01
6.811726104988747865e-01
8.793096695976260202e-01
7.306210694084483981e-01
7.982144449143810938e-01
6.459995821208076583e-01
8.385160614574761473e-01
8.653051096890862492e-01
8.505480814620364205e-01
8.615649179568345417e-01
8.353213979364317865e-01
8.052042543453080681e-01
8.392567192991259306e-01
4.956809834299042428e-01
8.004840440220436504e-01
6.969225524718990483e-01
8.012019370671009666e-01
8.990457850800601669e-01
7.912500461005470553e-01
8.749744175489786446e-01
8.837951574817498601e-01
8.409092952691799017e-01
7.051243109094706973e-01
8.598152035143675764e-01
6.870924648039976601e-01
8.702851950372564316e-01
8.332276354793338724e-01
5.411285977471902431e-01
7.527353422923943604e-01
8.836866640393736816e-01
8.259541107401013882e-01
7.034783966761506413e-01
8.114537246272266469e-01
8.417653636539830231e-01
7.920555033718437166e-01
7.443605041140380907e-01
8.130975935566948642e-01
3.832561494334958963e-01
7.551317634066481155e-01
8.326404768829934744e-01
7.181174343554903583e-01
7.976800028983029867e-01
6.253193063648336825e-01
7.356240281984628426e-01
7.924362031088034719e-01
-3.018651775676287397e+00
8.324933760012299677e-01
8.411734830466479629e-01
8.393906771148544887e-01
8.626710687529748345e-01
8.470474087852517542e-01
7.624407776592942998e-01
8.271566281108334584e-01
8.334059382579493969e-01
8.442463213675114320e-01
6.153738055604196511e-01
8.225480176260907550e-01
8.920479455023087034e-01
8.494268412080532293e-01
6.923987555639405933e-01
7.924801326973238691e-01
7.291218591310257846e-01
8.984183444806308483e-01
9.068704485208423094e-01
7.857904767654918521e-01
9.010130943145304716e-01
7.902655162862015636e-01
7.072936147316931654e-01
7.440429245816813086e-01
8.244370114034722530e-01
6.639392566599917611e-01
8.009069202119986075e-01
7.670743662458221479e-01
8.393028037559270293e-01
8.707540356361459510e-01
9.064633610713872525e-01
6.918052334394314551e-01
6.045485650540695088e-01
8.064809824390886117e-01
8.101007598146702238e-01
9.012633350725082204e-01
6.897430068032167627e-01
7.892733284732139643e-01
8.966519592179815756e-01
6.750905512909912698e-01
5.730050598571801990e-01
7.638370255841187006e-01
9.064841943641931410e-01
6.433561189253418355e-01
8.138719649248992161e-01
