5.543923410234044979e+01
5.554977542826439674e+01
5.527775698379929992e+01
5.510753768064972036e+01
5.581325453876208087e+01
5.513605384860918690e+01
5.511316518124014863e+01
5.571223640877356331e+01
5.542244171119683216e+01
5.506845538855164079e+01
5.561018403050479719e+01
5.519151699417818691e+01
5.500492499694470183e+01
5.574380615215910950e+01
5.548147452889404718e+01
5.537469001393566259e+01
5.650669568841004065e+01
5.510438428557846890e+01
5.543151519417409645e+01
5.566018125108976733e+01
5.564686814197770559e+01
5.519978719622974239e+01
5.514157539609873027e+01
5.546259216270181724e+01
5.529031823279322566e+01
5.504670887669682600e+01
5.505914356946082222e+01
5.557169554962945313e+01
5.515333640144004335e+01
5.551330486056370717e+01
5.537022926166213921e+01
5.540291566107151056e+01
5.543728443370950032e+01
5.547114386627364979e+01
5.530694138252933811e+01
5.509117663587456093e+01
5.561283120248850764e+01
5.541961423878893100e+01
5.550226255559081068e+01
5.558499283673638303e+01
5.520136027464342732e+01
5.572213235729198999e+01
5.516749012699854404e+01
5.553278414659943252e+01
5.621742023529154864e+01
5.554502373349050259e+01
5.500916847991074121e+01
5.532213147376160833e+01
5.511384580417443146e+01
5.531999212546541145e+01
5.530124556588074114e+01
5.556089256932064302e+01
5.502491337233525570e+01
5.504484792173146701e+01
5.520471333939804737e+01
5.516747487322361820e+01
5.544863495731338077e+01
5.518333971039548658e+01
5.510168017157374720e+01
5.740917742223444264e+01
5.653465010416051939e+01
5.610540603721403841e+01
5.508365936249968087e+01
5.543218525865241020e+01
5.589398042565033364e+01
5.507228895946600034e+01
5.521843789708702843e+01
5.630776279055385913e+01
5.501088737850807320e+01
5.564023179275091024e+01
5.570558785739984842e+01
5.598453329301681691e+01
5.530787484132718390e+01
5.510207583737604864e+01
5.587607014780766690e+01
5.541464215211686906e+01
5.549776209876052491e+01
5.560506280608522900e+01
5.555334787606263802e+01
5.530429074703358339e+01
5.567855291317120248e+01
5.517707478943975019e+01
5.542699347397525145e+01
5.538999474154231706e+01
5.500701409853878943e+01
5.537552403770779108e+01
5.550059520440969152e+01
5.510453030583349943e+01
5.515307479191576334e+01
5.606896888581557903e+01
5.511366768147696860e+01
5.570479311509583908e+01
5.553887452651567713e+01
5.697074000983182884e+01
5.557197758042123326e+01
5.542204673423785266e+01
5.544519767005964894e+01
5.591932884283976080e+01
5.847025908122220272e+01
5.529992748332265506e+01
5.622141542563800698e+01
5.675242495293190359e+01
5.507992207874065116e+01
5.566617416063493096e+01
5.659532712281968259e+01
5.527965551967093916e+01
5.568524963302072450e+01
5.518934848222644973e+01
5.668258730651920985e+01
5.550181638772119186e+01
5.707486481887531937e+01
5.527368942711628819e+01
5.517871093589604214e+01
5.710787697039251043e+01
5.519387643626788531e+01
5.880358013140457984e+01
5.537655833691790264e+01
5.517766122004601925e+01
5.552718120876690477e+01
5.542353659719707082e+01
5.734685162855723917e+01
5.722277346999455006e+01
5.509528999166435881e+01
5.591059018894372201e+01
5.528512097788733826e+01
5.548982428189541594e+01
5.599429857087807250e+01
5.613813485717451357e+01
5.747245907833173106e+01
5.536303575547844957e+01
5.808376200757916052e+01
5.546322504575265810e+01
5.506705305788161553e+01
5.566269063230892300e+01
5.576818503341493738e+01
5.655432869488716108e+01
5.512630055005276830e+01
5.514091173071909679e+01
5.605215377554721812e+01
5.569477728279821349e+01
5.635543015539000322e+01
5.581033298970235990e+01
5.605063163030365558e+01
5.558219619719380233e+01
5.532237289076424247e+01
5.669467860577110230e+01
5.522536672678268843e+01
5.537126108439569805e+01
5.523301298803897907e+01
5.591250032761220012e+01
5.606279702886231320e+01
5.743624234961303188e+01
5.570686517345377098e+01
5.506832081135030421e+01
5.546840399439604852e+01
5.695991855674017756e+01
