-6.914190996217074670e+00
-5.991438012888039566e-01
-1.658115758403734930e+00
-1.185877090473404394e+01
-4.869117060435254274e+00
-1.746128612505938449e+01
-8.545664514969928405e+00
-1.649454068538568308e+01
-7.882294414954717610e+00
-2.286825891964230806e+01
-1.566451957637113424e+00
-1.189815669312519830e+01
-7.833614430823683250e+00
-1.171905910413534357e+01
-8.927694715630483557e+00
-8.822203983782817005e-01
-7.465572834282152570e-01
-9.054825827181499420e+00
-1.608720988142065522e+01
-4.100367419830668325e+00
-1.248008986113401519e+01
-2.090121035224047574e+00
-7.622445345430399755e-01
-1.813478784185424075e+00
-3.630671447315487299e+00
-1.965859631118835438e+00
-3.775887855666420378e+00
-4.099225610154938693e+00
-2.843722794072940374e+00
-2.478422516538751452e+00
-1.254973726596229611e+01
-1.544039610396656315e+01
-1.599080499191472882e+00
-9.796071988077272863e-01
-2.470875227455551126e+01
-1.102581060134685487e+00
-1.222648721059649546e+01
-1.153490988315253318e+00
-5.783182805546967842e+00
-8.941810116811097942e+00
-2.492554213260651963e+00
-1.033857181172630746e+01
-3.843057925836980360e+00
-1.363052476974537086e+01
-1.439863319181102241e+01
-4.541331467797206756e+00
-1.940552765908915234e+00
-6.728374360358204243e+00
-1.696411259327705423e+01
-1.010466218552518924e+01
-2.717982458312523164e+00
-8.222659570536059448e+00
-1.679630944695833605e+01
-1.989780744151707026e+01
-4.858743160053084154e+00
-2.798234970036068248e+00
-6.432009214554621934e+00
-1.416599147382494905e+01
-1.060206243345001198e+01
-9.748228589448974191e+00
-1.497469806402481396e+00
-1.589879395913762039e+00
-1.118492628944931511e+00
-1.072043909736056477e+01
-8.759044073807050523e+00
-6.730476750311995104e+00
-1.688847051268062671e+00
-8.951829329053062168e+00
-9.723760950391753255e+00
-1.090659524864724261e+01
-2.095707993437083516e+01
-1.968925444329943275e+01
-1.685323709939270387e+01
-8.079750097334930103e+00
-1.551506714757449501e+01
-2.431022371285749628e+01
-1.211547518955957159e+01
-8.060574809830193033e+00
-1.315787528707265608e+01
-2.016592348484946839e+00
-8.557121480460978091e+00
-1.411401600492032671e+01
-4.089618251469289589e+00
-2.215386829135045588e+00
-1.874002125880318914e+01
-1.759670652420259529e+01
-1.437935415332155742e+00
-1.784522247595589306e+00
-6.950375094863087355e+00
-1.717343970352927585e+01
-1.309445222503525130e+01
-9.432643196984557221e+00
-1.365345776829126834e+00
-9.561513081572535100e+00
-4.338772263483622993e+00
-1.353990596925077483e+01
-2.808172083211498915e+00
-1.501252502585355586e+00
-2.377778241272149984e+00
-1.723106096097673401e+00
-9.570935087000069785e-01
-1.251655782103666681e+00
-3.493027312697849496e+00
-3.761003214450555632e+00
-1.333609218615965375e+00
-1.100158976805591493e+00
-1.507570392046153174e+00
-6.888511264298369241e+00
-2.025748537843246666e+01
-1.444408430613256300e+00
-1.669012333287643202e+00
