5.555160894522528992e+01
5.580998096456607271e+01
5.502263071986806864e+01
5.567928793730770565e+01
5.637569059636452806e+01
5.711535043440574810e+01
5.615692629567052307e+01
5.547976019937024716e+01
5.614116147264346779e+01
5.580252124159425620e+01
5.502488680528291809e+01
5.545661929777602239e+01
5.530750448197564140e+01
5.524147964680353340e+01
5.503997267562161255e+01
5.612450381596802629e+01
5.645494888692883251e+01
5.547650395811716351e+01
5.588933224377109354e+01
5.635019197821276293e+01
5.622729357334772970e+01
5.520915730016568546e+01
5.703234288229656102e+01
5.547686381919717036e+01
5.629721437006036666e+01
5.555453774873089401e+01
5.623378690039469774e+01
5.564750265219620928e+01
5.559595800110857766e+01
5.545471260138044300e+01
5.504831947029671113e+01
5.520277136317552191e+01
5.551675611484677120e+01
5.503861945787981114e+01
5.533888191468444262e+01
5.504240219259380495e+01
5.657097122281655999e+01
5.571709738267485790e+01
5.545393629384150103e+01
5.589397165070118945e+01
5.585721223925460066e+01
5.540879397368100712e+01
5.610626367681121707e+01
5.605172334334915973e+01
5.539619384995322093e+01
5.567810454613839966e+01
5.634999160920225592e+01
5.618060276158366406e+01
5.544641834800955138e+01
5.533809532686019850e+01
5.561251743115605706e+01
6.390695128929744584e+01
6.468948357595436960e+01
5.544333514566122290e+01
5.724283522724609696e+01
5.567137943780092257e+01
5.571441304912735148e+01
5.557473013666957939e+01
5.547118398821182694e+01
5.555782768581806863e+01
5.548908909420016045e+01
5.613472674027495657e+01
5.538755019950575331e+01
5.621341267321184176e+01
5.533507774707172899e+01
5.546314168108921905e+01
5.517563931356291107e+01
6.112595513741531761e+01
5.503087707736133893e+01
5.587015140771035959e+01
5.599508591307672134e+01
5.585490457396692676e+01
5.591404110477693479e+01
5.567123315876875012e+01
5.596604013875370498e+01
5.556269416673228534e+01
5.540161825364999260e+01
5.519923328157135245e+01
5.537048261108215996e+01
5.592784324136795959e+01
5.579800188871963229e+01
5.567764364408468936e+01
5.524898393702685695e+01
5.556640090119486075e+01
5.511713370781508559e+01
5.552405277368478664e+01
5.606218750970884912e+01
5.556887349846991242e+01
5.522737214271140260e+01
5.597873379403463190e+01
5.618813240609682680e+01
5.536481601256715379e+01
5.623315019064551024e+01
5.543368646777133790e+01
5.542361172030596350e+01
6.228291497152002876e+01
5.603744780267729908e+01
5.624680153265539673e+01
5.525090993765176250e+01
5.521589291689908663e+01
5.635593905372495271e+01
5.597625409981351652e+01
5.514794746031920880e+01
5.604547084572938331e+01
5.527368642734967352e+01
5.562274243676782959e+01
5.622906294934976756e+01
