7.366666666666666252e+00
1.741666666666666785e+01
2.864999999999999858e+01
4.683333333333333570e+01
6.453333333333333144e+01
6.825000000000000000e+01
7.741666666666667140e+01
9.000000000000000000e+01
1.132000000000000028e+02
1.486166666666666742e+02
1.745833333333333428e+02
1.841500000000000057e+02
1.982500000000000000e+02
2.170166666666666799e+02
2.305166666666666799e+02
2.466666666666666572e+02
2.533166666666666629e+02
2.700500000000000114e+02
3.115833333333333144e+02
3.166833333333333371e+02
3.333500000000000227e+02
3.464166666666666856e+02
3.554833333333333485e+02
3.784833333333333485e+02
4.047166666666666401e+02
4.176833333333333371e+02
4.350833333333333144e+02
4.436666666666666856e+02
4.530333333333333599e+02
4.662500000000000000e+02
4.726999999999999886e+02
4.836666666666666856e+02
5.168999999999999773e+02
5.301499999999999773e+02
5.655499999999999545e+02
5.697166666666666970e+02
5.798833333333333258e+02
6.002500000000000000e+02
6.095666666666667197e+02
6.284166666666666288e+02
6.840833333333333712e+02
6.911166666666666742e+02
7.016000000000000227e+02
7.105666666666667197e+02
7.223500000000000227e+02
7.333666666666666742e+02
7.415666666666667197e+02
7.463500000000000227e+02
7.556833333333332803e+02
7.741333333333333258e+02
7.833833333333333258e+02
7.960000000000000000e+02
8.064666666666666970e+02
8.251166666666666742e+02
8.469666666666666970e+02
8.529166666666666288e+02
8.713166666666667197e+02
8.802666666666666515e+02
8.942999999999999545e+02
9.017833333333333030e+02
9.159500000000000455e+02
9.232833333333333030e+02
9.384166666666666288e+02
9.497166666666666970e+02
9.758333333333333712e+02
9.809500000000000455e+02
9.920833333333333712e+02
9.957999999999999545e+02
1.006133333333333326e+03
1.020133333333333326e+03
1.032216666666666697e+03
1.034966666666666697e+03
1.041666666666666742e+03
1.048783333333333303e+03
1.055483333333333348e+03
1.059116666666666561e+03
1.064066666666666606e+03
1.070133333333333439e+03
1.078450000000000045e+03
1.084099999999999909e+03
1.101833333333333258e+03
1.104000000000000000e+03
1.117333333333333258e+03
1.127966666666666697e+03
1.138250000000000000e+03
1.147716666666666697e+03
1.154716666666666697e+03
1.158866666666666561e+03
1.165116666666666561e+03
1.173733333333333348e+03
1.179133333333333439e+03
1.183250000000000000e+03
1.194766666666666652e+03
1.208966666666666697e+03
1.217099999999999909e+03
1.223033333333333303e+03
1.230916666666666742e+03
1.235383333333333439e+03
1.239250000000000000e+03
1.248416666666666742e+03
1.251683333333333394e+03
1.261299999999999955e+03
1.270616666666666561e+03
1.278183333333333394e+03
1.280533333333333303e+03
1.283366666666666561e+03
1.292400000000000091e+03
1.302233333333333348e+03
1.308333333333333258e+03
1.315549999999999955e+03
1.320366666666666561e+03
1.325333333333333258e+03
1.333983333333333348e+03
1.338383333333333439e+03
1.346816666666666606e+03
1.358133333333333439e+03
1.364983333333333348e+03
1.368766666666666652e+03
1.376333333333333258e+03
1.378849999999999909e+03
1.395266666666666652e+03
1.399816666666666606e+03
1.403833333333333258e+03
1.410183333333333394e+03
