-2.486847356620719651e+00
4.220965031881723784e-01
-3.256950167885042657e-01
-1.273133873656352000e+00
-9.725784590107082739e-01
-4.774808324470700693e-01
3.098401188313346100e-01
-9.599981512665635430e-02
-6.007054414098529804e+00
-5.990427318448746652e-01
2.676144563177995206e+00
1.766452601219225538e-01
-2.224043455670607627e-01
-1.935268645077576344e-01
-6.064798190898536667e+00
3.110648327955072845e-01
6.045054331994834107e-02
1.871210172270230121e-01
3.542971148946571502e-01
-1.678659663537391752e-02
2.843996034563360878e-02
-4.253538182282272651e-01
3.747395355417074692e-01
-7.296464867880169125e-01
-3.386728224708485668e-01
1.866484735180620053e-02
8.564142440875265050e-02
1.300668997329187881e+01
6.467042489115555626e-02
1.758874679376367656e-01
-6.075890902628998669e-01
-1.518039877985711550e-01
2.253680532759540223e-01
-2.745002340926839812e-01
6.676439952602486017e+00
-3.705097041121234724e-01
1.231539256175747221e+00
-1.642848996174552656e-01
6.738648668340219139e+00
-1.430270903388495718e+00
-7.598331954440528113e-01
1.492216223472496439e-02
-4.534025627115124690e-01
9.883545325592831832e-01
1.573926485444457068e-01
-7.802854598050767976e+00
8.333996700711809424e+00
5.614060655262785637e+00
1.379489395930115318e-02
7.899916571552815014e+00
-2.022067680060058770e+00
3.367430672203099551e+00
-1.643528838130168812e-01
1.562820099429924392e+00
-4.859705625763035552e-01
6.788977296151915697e-01
-4.168635036067280253e-01
6.157597554287712605e-01
-1.864146056898716708e+01
2.034884346216211881e+01
8.764153529614703009e-02
-5.248872972432991335e-02
-4.232747955636386727e-01
-1.575645344571581674e+00
7.048169735735428099e-02
2.168507188649203599e+01
7.268132441374292041e-02
