7.071365226871446907e+01
-6.199347935520293618e+00
1.288698320544155962e+01
6.840237352840183860e+01
-1.020402951736618213e+01
1.180802246821070867e+01
-1.311356489437561663e+02
-1.912693816617583664e+01
-1.060466683937281971e+02
3.975496040688386046e+01
-1.374709106620587136e+02
1.420895576181378317e+01
-1.813241769581603435e+01
6.073786871515944341e+01
9.092532259254269889e+00
5.960222720242398964e+01
6.452137666870245880e+01
7.842540258253134766e+01
-1.361268470272726745e+02
-7.888578161461506966e+01
5.631688337768196106e+01
-8.075184825320896209e+01
-1.363301790688806534e+02
3.161712933617550547e+01
6.884942938313487559e+01
4.101066567131268670e+01
3.153209135679163921e+01
2.530358346298313066e+01
1.734435400694211760e+00
-2.787322616702421740e+01
4.799550673874548323e+01
5.880743788566341124e+01
-2.006438266859434520e+02
-8.664676653840726317e+01
6.574588664732908683e+01
7.328732280467124838e+01
1.040418407631924325e+01
3.632412949032650218e+00
4.302054029588658679e+00
-3.606818971172847910e+01
-3.627421037921415348e+01
-1.872176505399820314e+02
5.099964090792584059e+00
3.803724778779849913e+01
-1.429275709909018701e+02
-1.150297493154550068e+02
-1.679361518881615325e+02
-5.659757929941852694e+01
-6.380898996550289581e+01
3.203304308492358388e+01
4.822270258357761463e+01
7.278148190182008648e+01
-1.832071146699633459e+02
-5.050176665178116053e+01
4.001397079375111332e+01
5.038844961706532644e+01
