-2.172255511106572001e+00
-1.871368771855671298e+00
-1.861761700259961572e+00
-1.850717315096201077e+00
-1.909221373296087876e+00
-2.109958141827799949e+00
-2.102444506912231503e+00
-2.635153065092080027e+00
-2.910318196493452803e+00
-1.789955332537235932e+00
-1.978809898707229564e+00
-2.198413445562987789e+00
-2.240633142368682940e+00
-2.169936379122548331e+00
-3.702003117343807048e+00
-1.142881181266250934e+00
-2.889708498684271376e+00
-1.288288769077624352e+00
-1.904760986217564067e+00
-1.651389063039477634e+00
-2.173416724027687152e+00
-2.671769063202933836e+00
-1.648137657938836043e+00
-1.887468091941110870e+00
-5.365714572020188200e-01
