nan
nan
nan
nan
nan
2.702481808574543898e-01
4.963715392503065260e-05
8.659536721566940543e-05
5.943603784059892092e-04
1.697520239419603172e-03
3.859955937322023800e-03
7.282517983683622909e-03
1.101112502685686056e-02
1.644996425744282842e-02
1.865225367583300820e-02
6.622672970435727891e-03
4.059120190746945411e-06
1.299748430871883187e-05
1.950028762620625855e-05
6.596772910949511015e-05
1.632133935358659471e-05
4.374588549860281006e-05
1.838430301659421673e-06
5.131069513719666020e-08
1.282627337673147849e-10
4.971578704271450988e-13
5.212275056010184926e-12
2.090139172850058458e-11
1.737487931308123734e-11
3.070133036686684136e-11
1.237716595881011017e-10
1.711564223683126329e-11
6.027227599358818354e-16
4.271130666904654586e-16
8.966606889783623558e-19
1.341139802460984287e-17
1.075995005648411122e-21
1.198670159991106165e-22
3.704081221447025942e-23
1.298037413500980003e-22
2.518866470964295745e-24
1.542207112359866598e-31
1.221245327087672194e-15
3.836116938376231437e-35
6.923753361645129521e-35
6.814612029770509104e-36
4.838912314046476599e-40
3.330669073875469621e-16
2.220446049250313081e-16
7.771561172376095783e-16
6.633132354874174119e-84
6.477163174861615907e-42
1.116396326128793102e-42
nan
