4.186266578473578359e-02
-2.719671327304808844e-02
5.209281444412056095e-02
-7.769626236986368860e-03
2.674394323115620708e-03
3.993308931086403391e-03
-1.023021324971227775e-01
3.331444449832474466e-03
-1.206807454778396488e-01
1.822083260267675156e-02
6.580390307251587911e-01
5.769891672589438220e-03
2.136947127826261013e-03
-1.972498567147340477e-04
1.713882910816607805e-02
-8.359743418635047843e-03
1.269249840503334755e-03
2.560610043566660752e-03
-1.148336338458869899e-01
1.837873755046871491e-02
-2.885757233631011318e-02
-8.276391324819507567e-01
-1.636493348147780719e-02
4.600875761244253848e-02
-6.769125303111309111e-02
-5.018795080565609940e-02
9.379251026751377063e-03
1.824030708619943722e-02
-1.127180592998769208e-02
4.607270273119638826e-02
-5.772204276811691848e-02
-4.954900118110344698e-02
-1.432150219623531395e-01
-9.170821441372367655e-02
1.037020262460249670e-01
1.205385763299375405e-02
1.602390243164677347e-02
-8.324667868950854643e-01
1.813741976889275687e-02
-7.970402622547186899e-01
-1.447562467209309069e-02
-4.547864915789906481e-01
4.082440631892722722e-03
2.102892927719608469e-03
-8.946070369678409129e-02
-3.772157280073826918e-02
-1.312782398437696008e-01
3.547593508200748338e-03
3.291405750982278472e-02
1.071551778404227634e-02
1.360970509805667925e-03
-6.249738586899979825e-02
4.829467118119169095e-02
-6.231380480804602634e-02
-4.521018098977378635e-02
1.394270159023903999e-02
