1.516530027741737341e-02
5.405614058606147271e-02
5.632654974542038451e-01
-2.978459021977698795e-02
1.472713529392251537e-02
-3.354555797318994198e-02
2.725772806607722198e-02
-1.228487455109228688e-01
-9.507557140408948171e-03
-6.513239413481414219e-02
3.944594155255856660e-02
8.272334368958751682e-02
6.732644310854710157e-02
1.004464007425951919e-02
-2.423535946836466448e-02
-7.395152097944900993e-04
5.062322464115084214e-02
2.486546876938234563e-01
-3.384259510888398131e-02
5.333278178386535685e-04
-1.042951807443841944e-02
-1.239657700993973370e-02
7.507481356507810129e-03
-2.174265096619819662e-02
-5.753876444552247227e-02
1.667932156532287921e-02
1.710154307178333999e-01
1.150549773329589687e-01
6.132539471880988496e-03
6.541555944551305513e-02
-1.021433296190309668e-02
1.298369512452495766e-01
-7.741649437323701310e-02
2.678513489820829804e-02
8.998629756426509974e-02
3.414101070134563376e-02
-2.109174987648771218e-02
-2.974254671554030782e-01
-8.740729713003929369e-03
3.955151225932638376e-02
-5.727950217868908733e-02
3.284628204878572381e-03
3.825409403957337473e-02
-1.338889835636564336e-02
7.510935805284134348e-02
5.731325468927934465e-03
-2.060808930189693758e-02
1.554863530514808204e-02
2.989584424778513397e-02
2.278457943952503367e-02
-1.742866917137348565e-02
-6.765187188638606235e-03
-1.016486285074620416e-03
-3.018753264902329560e-03
-1.312279913857821584e-02
-9.561805785752995265e-03
-8.803189724156652851e-02
-1.671028378923267513e-02
-1.748476695031854489e-02
-3.118991447917153492e-02
1.516896609493130661e-02
7.956309520334912261e-03
2.560137221349748429e-02
-4.438851392719698509e-03
5.283295030108149659e-02
1.178963606590343639e-02
-3.030802968887201174e-02
-1.105231217018814438e-01
1.049965117369424696e-02
-3.921630458312961101e-03
3.678712176035219168e-03
-2.974496109974609365e-02
-2.986561470992001033e-02
1.113288694906941663e-02
1.019098148256034619e-01
2.724459907207915296e-02
-1.278557965048037273e-02
-1.076455059413581189e-01
2.451523591968452973e-02
-3.577671680292269368e-02
2.123635856175923320e-01
-8.701790832792027919e-02
-5.506164541146005981e-02
-9.470841321760303105e-03
-5.132288587892048885e-03
-2.689195468086438834e-02
1.240243546429826427e-01
5.027284825650212702e-02
1.123000966414053857e-02
1.270695506033234744e-02
-2.407750619964019873e-02
3.592806133787575934e-02
6.069200908658956700e-02
-1.326783463341598595e-03
7.867399285696990985e-02
2.690164336290195093e-02
2.634568228062903611e-02
-1.128201965089328934e-01
-1.270491642704451030e-01
-8.488773451791189334e-03
2.601527148684851937e-02
2.312210981487339626e-02
2.856418603160534517e-02
4.165136909766885970e-02
-1.299870599082282759e-02
1.905997130234607095e-01
-2.074925728445919104e-01
8.120175324823435820e-03
-5.603424075475800167e-03
8.575046888267934373e-05
1.428627638693620860e-01
6.645746880590763794e-02
2.532787160190423659e-02
2.735741144126109352e-03
-2.902555517755615877e-02
1.093135698384344393e-02
-9.541095586217806374e-03
3.522769019696170290e-03
-4.622286480664342806e-02
-1.005482520520047281e-02
-1.052317418452162123e-03
-3.266423874256133703e-02
-2.627855824296205026e-02
-3.711629921092196582e-02
-1.182885654096821858e-02
-1.614785841242621575e-02
-1.880821520040171918e-02
2.495302658740172416e-02
1.705608052116247206e-02
-3.566084492509958431e-02
-4.611265323045472125e-03
-1.214240598660239895e-02
-1.464410568488005993e-03
-1.036786261174029236e-02
-3.174879652300938715e-01
-5.980432580360741518e-02
