-2.432088394149065635e+00
-1.065896846113167484e+00
-2.731480243665224350e+00
-2.219507962121920031e+00
-1.710616647710446969e+00
-1.923271027013836232e+00
-2.703798316764427057e+00
-1.910966492064758881e+00
-2.863403305739444349e+00
-2.842139866963963257e+00
-1.784356178110346747e+00
-1.677021841875712127e+00
-2.241416700044762678e+00
-2.893165389812718757e+00
-1.616990454693558732e+00
-1.834760519917725929e+00
-1.970227956647523371e+00
-1.872521797709747915e+00
-2.537184649475893394e+00
-6.756873748054950113e-01
-2.399701702879296406e+00
-4.561896530395497251e+00
-1.300705009535167989e+00
-2.129911176523457073e+00
-2.737242414035510052e+00
-2.589258506070581944e+00
-2.039187357297183922e+00
-1.979916652060076387e+00
-1.760414359746398816e+00
-2.574404736647434078e+00
-2.608282505980920263e+00
-2.084210962666903200e+00
-4.282035702384947129e+00
-2.317323045446903151e+00
-2.637632631078975720e+00
-2.361915385526154765e+00
-1.149433926266835826e+00
-2.546312576137220063e+00
-2.659617086398094798e+00
-5.269082156523175797e+00
-5.316524518783872111e+00
-2.416888126549491034e+00
-1.290460559511506844e+00
-1.771062449425947705e+00
-1.225153042510729762e+00
-2.444263788314305685e+00
-3.183720566709244082e+00
-1.657932704882522756e+00
-1.202441918212283412e+00
-2.469618390587669410e+00
-1.659042970200140132e+00
-4.895151586067274962e+00
-2.706883540537862842e+00
-2.316730834435452024e+00
-2.917981808799574139e+00
-2.760930464196954759e+00
