-3.294208501885760310e-01
-1.292367339906277945e-01
-2.318628089875574092e-03
4.898796154188767016e-01
4.999808078673913525e-01
3.131441386626224177e-01
-5.393330342077417017e-01
1.093369420330062569e+00
1.808335373923257494e+00
-9.131607034979742910e-01
-8.161259579423222332e-01
1.667048783285349500e-01
2.298209657474694634e-01
-7.319411036488462585e+00
3.301677507363751651e-01
2.164485867894259119e+00
-4.708765988291168658e-01
-2.758177155289075477e-01
-1.902092018390476313e-01
1.075012691108453566e+01
-2.688943872719528616e-01
-2.259272401666631680e+00
1.655618306207475021e-01
-3.945709557324616479e-01
8.471154899461998955e-01
