2.793633204919319657e-01
3.512378184276280790e-01
4.449657341041415859e-01
6.457955842373916955e-01
6.774145186364967097e-01
2.325225814691543880e-01
3.815822708351492842e-01
3.505533990623734830e-01
5.232895925634601930e-01
3.797033138913230021e-01
2.668839453300506648e-01
-6.815009977017711940e-01
1.410364983884226042e+00
2.988219406837356318e-01
1.995900064961067422e+00
2.759882176680685251e-01
3.123124312009054049e-01
2.927680771206746524e-01
3.724270353400243039e-01
3.072495974396133311e-01
1.651963686143933518e+00
3.296907764034722188e-01
1.653080479448410633e+00
4.345084567292610833e-01
2.976057839375653158e-01
5.835003828685626504e-01
3.073367464479770383e-01
3.643008986578956665e-01
3.691786770403610030e-01
2.109890456146418014e+00
4.942200308195401903e-01
5.697807343455315587e-01
2.420331552234165517e+00
2.610772141719805983e+00
3.247434032039359653e-01
3.790551421203281479e-01
-1.054042551766690483e+00
3.986424951485537105e-01
5.294206038923107149e-01
2.433856199418551192e-01
2.663119121701356673e-01
3.113969729960126553e-01
2.560590023523923175e-01
4.938855652177039923e-01
3.157844279346272987e-01
3.058984947441786284e-01
5.513250873971946575e-01
2.550016320954273663e-01
4.086617937873643358e-01
4.780931315268503456e-01
2.840040971805046777e-01
1.418668491550943156e-01
1.426655245693470908e+00
3.612486848694698161e-01
