nan
nan
nan
nan
nan
2.807000000000000051e-01
3.215999999999999970e-01
3.651285714285714135e-01
3.996999999999999997e-01
3.593666666666666676e-01
3.901000000000000023e-01
3.921727272727272839e-01
3.899000000000000243e-01
3.616307692307692556e-01
3.256142857142856895e-01
3.252999999999999781e-01
3.246999999999999886e-01
3.292294117647058815e-01
3.251333333333333298e-01
3.274052631578947548e-01
2.892000000000000126e-01
2.911428571428571477e-01
3.029363636363636147e-01
2.939652173913043232e-01
2.605000000000000093e-01
2.549000000000000155e-01
2.643153846153846187e-01
2.136888888888889004e-01
2.235571428571428709e-01
2.145517241379310269e-01
2.164000000000000090e-01
2.219258064516129170e-01
2.159500000000000031e-01
2.189909090909090972e-01
1.961647058823529355e-01
2.103857142857142870e-01
2.048666666666666691e-01
2.064189189189189200e-01
2.068526315789473713e-01
1.972769230769230719e-01
2.102999999999999869e-01
2.043292682926829140e-01
2.050714285714285712e-01
1.986325581395348705e-01
1.957181818181818189e-01
1.775333333333333208e-01
1.781826086956521671e-01
1.698702127659574568e-01
1.731000000000000039e-01
1.479755102040816450e-01
1.589000000000000135e-01
1.618529411764705883e-01
1.463076923076923053e-01
1.381962264150943531e-01
1.410444444444444445e-01
1.363545454545454505e-01
1.402285714285714247e-01
1.306684210526315726e-01
1.392758620689655280e-01
1.390525423728813659e-01
1.368000000000000049e-01
1.324196721311475533e-01
1.326129032258064611e-01
1.273809523809523725e-01
1.379249999999999921e-01
1.268461538461538585e-01
1.294454545454545580e-01
1.375238805970149247e-01
1.323823529411764788e-01
1.316217391304347895e-01
1.210428571428571465e-01
1.211464788732394410e-01
1.205333333333333395e-01
1.189041095890411015e-01
1.125594594594594572e-01
1.151999999999999968e-01
1.127263157894736884e-01
1.137909090909090953e-01
1.116384615384615336e-01
1.164759493670886048e-01
1.328999999999999904e-01
1.240259259259259284e-01
1.217341463414634145e-01
1.359734939759036088e-01
1.521333333333333426e-01
1.624529411764705777e-01
1.815930232558139457e-01
1.802689655172413918e-01
1.912727272727272609e-01
1.992966292134831507e-01
2.294333333333333225e-01
2.634758241758241581e-01
2.453173913043478205e-01
2.358516129032258157e-01
2.497723404255319246e-01
2.295736842105263187e-01
2.443500000000000116e-01
2.325958762886597975e-01
2.273061224489796028e-01
2.396757575757575698e-01
2.477000000000000035e-01
3.004742574257425747e-01
3.043941176470588150e-01
2.887553398058252396e-01
3.008538461538461384e-01
3.014857142857143013e-01
3.286188679245283240e-01
3.278345794392523160e-01
3.230444444444444674e-01
3.458678899082568980e-01
3.392454545454545722e-01
3.452477477477477463e-01
3.472714285714285642e-01
3.479132743362831626e-01
3.415701754385964684e-01
3.343391304347825832e-01
3.310172413793103230e-01
3.378017094017093935e-01
3.710898305084745497e-01
3.749789915966386666e-01
3.740666666666666584e-01
3.708148760330578497e-01
3.749245901639344236e-01
4.154081300813007860e-01
4.157516129032258201e-01
4.556000000000000050e-01
5.531507936507936707e-01
5.834598425196850791e-01
6.046624999999999917e-01
6.789286821705425856e-01
7.507538461538461050e-01
8.617984732824427452e-01
9.014454545454545498e-01
8.412624060150375449e-01
8.318746268656715959e-01
nan
