3.276510978737860735e-02
-1.082844744431974982e-01
1.128786218228287896e-01
1.558734375325284471e+00
-1.020190440387068465e-01
-1.420813465869605330e-01
-2.233451785773263587e-01
9.603441809087598369e-02
-2.634512412180538554e-01
-1.231802278203645018e-01
7.918321566733993455e-02
7.290296627106801708e+00
-7.526344234466243677e+00
1.612608474461705299e-01
-8.408509881066391856e+00
5.035247685751073621e-02
-9.509969561850083880e-03
2.594208058172046139e-01
-3.783308654125943082e-01
-3.485285592461241366e-01
7.125390323113268032e+00
6.017660223885491488e-01
7.755020041522402430e+00
6.049648750875894487e-01
-1.300326186400980154e-02
-8.849648695766518247e-02
-3.804839475997550680e-01
7.560466696210415005e-01
7.202819904671628470e-02
1.294611767738466135e+01
1.818967334177677975e+00
-1.825407078975547437e+00
2.065054017186621493e+01
1.250097963323688255e+01
7.962627077391432051e-02
1.961901362594130616e-01
-9.268173896806796819e+00
3.789797734340231705e-01
-2.967370954435591401e-01
-8.146939716099041440e-02
-1.133153377651524400e-02
5.161534835104816810e-02
1.109032020140762187e-01
-7.904756132723969042e-01
-1.458622573613411154e-02
3.363288416484669918e-01
4.588039264854160137e-01
-6.015185595093044402e-01
3.553051805936411345e-01
4.591818951348340949e-01
1.376016913558322508e-01
-5.426459458957743065e-01
5.467979738365549736e+00
-1.160778503729056887e-01
