nan
nan
nan
nan
nan
7.388982360556832774e-01
4.671755543097997343e-01
2.421499365754202771e-01
1.156724990019536436e-01
1.518320564270668749e-01
7.033477112770769590e-02
4.930839266300912627e-02
3.757764410564112811e-02
5.002815014838546404e-02
8.060210282306945473e-02
6.534107042875436644e-02
5.337304428491629338e-02
3.860585442690112057e-02
3.428271922281289630e-02
2.601757954693617592e-02
5.684187440372123756e-02
4.557513684649416863e-02
2.770081647622490983e-02
2.980992408313198894e-02
6.378132231189259649e-02
6.472522568852456804e-02
4.345809130996647340e-02
1.473124572585881031e-01
1.045803911453114798e-01
1.199275499612231233e-01
1.040841955034792488e-01
8.104824243810360151e-02
8.737531613983651191e-02
7.259731247412737343e-02
1.284303635298672530e-01
7.829387172312085585e-02
8.494749337104712250e-02
7.436883657806181436e-02
6.732921550338377692e-02
8.434265537066143459e-02
5.045858551410320469e-02
5.682196718895526910e-02
5.091212465451500080e-02
5.889662855468547065e-02
6.040054647711756708e-02
1.047453004771780050e-01
9.622908075200276024e-02
1.193399792982997587e-01
1.010995210288312407e-01
2.136276266342833630e-01
1.454667281721134797e-01
1.251261793079587736e-01
1.975534931097400193e-01
2.428719337227687181e-01
2.143074854485231828e-01
2.383323045993973599e-01
2.033447288004434084e-01
2.639436895294023921e-01
1.940729967718790583e-01
1.881895974960884343e-01
1.954454387241276736e-01
2.178593369186884177e-01
2.090911445704938254e-01
2.402898455194210081e-01
1.618614303998958670e-01
2.294830928864124431e-01
2.033190667253081951e-01
1.466697269642920354e-01
1.711514956413222599e-01
1.700281243489740746e-01
2.400943673827006242e-01
2.323758501110797514e-01
2.307143596103934380e-01
2.375488573917151625e-01
2.875606616642366609e-01
2.562634218031210054e-01
2.720660316533805023e-01
2.555946914140307946e-01
2.689325158299014085e-01
2.201215359677872740e-01
1.106741748121012892e-01
1.549919579590169905e-01
1.650935215343936058e-01
8.657283902181556190e-02
3.781820607825214786e-02
2.065870683849080347e-02
6.219045222727204170e-03
6.340007332756414371e-03
2.865159307707032532e-03
1.511782361138691577e-03
1.308435542535235641e-04
5.158062273635799500e-06
2.569170555011268675e-05
5.418949522661975493e-05
1.322414868287768996e-05
7.657748063338853939e-05
1.747584762812337544e-05
4.710334038604546691e-05
6.880410610354825707e-05
1.928851939247966385e-05
7.792405487760944993e-06
1.672978089395371626e-08
8.473301171818548028e-09
5.085173371277562637e-08
9.286149738052529301e-09
7.132178736490857318e-09
1.371673885586233155e-10
1.240285651959993629e-10
2.017257472175515431e-10
5.047962048365661758e-12
1.129163429425261711e-11
3.445133067714323261e-12
1.951550032686100167e-12
1.378119840467206814e-12
3.068767462366395193e-12
7.869371820845572074e-12
1.074018651792130186e-11
2.845057522904426150e-12
8.770761894538736669e-15
3.552713678800500929e-15
2.664535259100375697e-15
3.219646771412953967e-15
1.221245327087672194e-15
1.413189208623755535e-19
1.309767100429178046e-19
7.479554619694780073e-24
3.394508180450596884e-36
5.784749879507949396e-41
1.157282593453261638e-44
1.543052664316830826e-58
3.532671721601180235e-75
4.263335271650549673e-111
3.114084673997026141e-131
1.095648193522330669e-104
0.000000000000000000e+00
nan
