-1.775551971086816394e+00
-2.097665702023643775e+00
-1.348350333684484426e+00
-4.753631779801175128e-01
-1.512728856083928264e+00
-2.202593863804628072e+00
-3.334111043766974092e-01
-3.705080789433305100e+00
-1.946066688946944012e+00
-1.986212627585784318e+00
-2.600333125338671891e-01
-6.180437736374138069e-01
-2.022183047326823413e+00
-1.189608873942805900e+00
-1.419247406787834009e+00
-3.330830664300854949e+00
-2.147321427914986813e+00
-9.058155791479318708e-01
-1.822160443696834164e+00
-2.037499880730752722e+00
-1.948040243014848016e+00
-1.139003313673159212e+00
-1.547715984065263228e+00
-2.074153032028288379e+00
-1.581849739414133538e+00
-8.508338208786891954e-01
-1.958087778378622801e+00
-1.588281162235819721e+00
-9.208742148171928932e-01
-1.598129836261453107e+00
-1.355792918429660432e+00
-1.503131655341739759e+00
-1.793926346640207115e+00
-7.136201534299679849e-01
-2.811973160959020390e-01
-1.881542259599241262e+00
-8.874545811746692436e-01
-1.793276642882677407e+00
-2.455519393192068023e+00
-1.040280601320761278e+00
-1.467112786131442803e+00
-2.486582466392382784e+00
-1.479199446685161234e+00
-1.033663408669472261e+00
-2.042897116464519769e+00
-2.918659285908356438e+00
-1.913196751895123171e+00
-3.858318510728945938e+00
-2.286172841698602909e+00
-2.206048588457056425e+00
-1.982274625118865430e+00
1.614154504351255071e-01
-1.766475525309123995e+00
-2.069428053869891926e+00
-2.103197304106704024e+00
-6.593754228992203537e-01
-1.654304537579980305e+00
-1.320394928157330838e+00
-1.147623015507900135e+00
-1.154373401174755287e+00
-1.117837322961229063e+00
-1.849983406597948132e+00
-9.984349086275763341e-01
-1.859677377672841914e+00
-1.584980151367791024e+00
-3.226330895757403283e+00
-2.337537272933971622e+00
