-2.386471060809522982e+00
-1.435797717614098801e+00
2.875197433043830131e-01
-1.876774444297954147e+00
2.553341227313943307e-01
-1.678997218777073641e+00
-1.068115765972361686e+00
-3.551667910711842069e-01
3.580210743230303194e-01
-1.115683269005867118e+00
-2.086271228478127071e+00
-1.547918392656184139e+00
-1.508283280714994845e+00
-2.063931470092013498e+00
-2.080800340660680092e+00
-2.425239207992268220e+00
-2.961490016561537431e+00
-1.107070961364133410e+00
-1.363657575024738833e+00
-2.427036227919295186e+00
-1.296243678821685563e+00
-3.497045699604523605e+00
-1.734286956140540070e+00
-9.675755511424632971e-01
-1.938410665239342023e+00
-7.823463799468921565e-01
-4.465429604649603590e+00
-2.336677600819587752e+00
-1.754930101386086960e+00
-1.722428377056665738e+00
-4.589768436017926945e-01
-1.815960820385011942e+00
-1.406867510497651352e+00
-2.565173205812509849e+00
-2.064461313471706916e+00
-2.020759190701141961e+00
-2.939847003416012683e+00
-3.020878458977154679e+00
-6.050493430968835185e-01
-3.352117303911231971e+00
-2.306594045520274250e+00
-1.757971212772432068e+00
-2.435040420291430863e+00
-1.376586217935297896e+00
-1.717328470491334969e+00
-2.252348975468907000e+00
-1.560065438761403911e+00
-2.363966891941391424e+00
-1.510001321001443131e+00
-1.181817268671839116e+00
-1.145394579647367905e+00
-1.753195096520169471e+00
-2.208688245588039223e+00
-2.012235799710701656e+00
