5.556969822111668833e+01
5.611730704000222403e+01
5.564812506652096147e+01
5.545172116359421466e+01
5.582019968062599702e+01
5.549426529601084468e+01
5.501145242633148769e+01
5.528561013407342273e+01
5.881256028245125123e+01
5.660000159840016210e+01
5.596136721542260517e+01
5.530467622429144114e+01
5.552624087065390057e+01
5.655593062351477585e+01
5.587677361864803771e+01
5.643106526441938797e+01
5.607392539751815264e+01
5.856147579164328221e+01
5.511689658232022992e+01
5.524720752854356220e+01
5.616711537514149910e+01
5.531640962446365961e+01
5.623965608504519764e+01
5.606355967170556198e+01
5.629335682950925701e+01
5.657448994815830901e+01
5.654453130599993216e+01
5.632291274890737753e+01
5.535238367137085191e+01
5.563756890066819949e+01
5.616779867772999069e+01
5.597559397818360338e+01
5.500095942572804830e+01
5.568222798639041571e+01
5.506149967648870813e+01
5.552238052639071242e+01
5.574506535093453863e+01
5.656161207971304350e+01
5.605491936917277229e+01
5.502582260457637631e+01
5.654469167277869701e+01
5.518807577614133208e+01
5.584330955470414892e+01
5.608280697721752261e+01
5.569439459608621235e+01
5.666319747839297349e+01
5.603699559687049714e+01
5.628525686750604251e+01
5.527267582498439680e+01
5.625045996155451178e+01
5.525092116260871222e+01
5.607108188700018303e+01
5.561980364623137518e+01
5.566822436722252831e+01
5.521479692126951733e+01
5.509632634300176335e+01
5.749671882006057899e+01
5.575731197100171244e+01
5.597488960614533937e+01
5.614485160518273688e+01
5.639909384767604195e+01
5.635602419747824143e+01
5.574938219331180278e+01
5.537785350624027814e+01
5.604463311865622188e+01
5.664343179212401935e+01
5.537968575026101092e+01
5.567390935036696220e+01
5.588811776727108338e+01
5.630037254420744119e+01
5.505047363365063973e+01
5.526971009957461689e+01
5.655100359157351164e+01
5.617948637082033514e+01
5.593209279510460163e+01
5.570615431336464241e+01
5.609345461287031043e+01
5.563001011619871150e+01
5.649543633608910653e+01
5.651861101169951240e+01
5.970771442289264996e+01
5.612093927925999992e+01
5.642714125029620220e+01
5.541598103193005898e+01
5.624889850451018702e+01
5.557346576492766843e+01
5.544275208624335960e+01
5.565060913576627399e+01
5.625061230171893101e+01
5.660606927315016179e+01
5.611721791988122732e+01
5.660950108748164666e+01
5.604731674233744343e+01
5.596432206126063846e+01
5.602956490091509067e+01
5.599274094381896560e+01
5.593664430859632120e+01
5.504824931624669659e+01
5.593374979494342369e+01
5.550349574261220198e+01
5.587602128652902422e+01
5.530660186369914300e+01
5.627590891862392652e+01
5.545600776094968865e+01
5.711529989022095322e+01
5.408638005745415711e+01
5.832491112588810012e+01
5.621626320032383006e+01
5.637397940918913974e+01
5.629664003488512236e+01
5.542553438301373347e+01
5.588133389288700670e+01
5.531482681853513128e+01
5.613590441989727964e+01
5.574146694785424927e+01
5.594558698597899848e+01
5.595630700079391318e+01
5.534012138018389493e+01
5.523903019143281767e+01
5.565551826942770930e+01
5.560441795376726759e+01
5.607952249713383708e+01
5.530737769060102238e+01
5.596908299088615735e+01
5.633273943905798120e+01
5.506537852641142905e+01
5.629043940490553410e+01
5.550958310549970065e+01
5.529170519313717591e+01
5.591722189867744675e+01
5.528844398587094133e+01
5.637075413360671661e+01
5.509868097829976108e+01
5.672626312922432845e+01
5.743933491456382967e+01
5.576443395050821294e+01
