-2.155307812300867099e+00
-2.387953499103339539e+00
8.869950856433677089e-01
-1.478547332542502701e+00
-2.580450127492536438e+00
-1.916437306805280016e+00
-2.957302320891313840e+00
-2.046767044199640395e+00
-3.284897395622689231e+00
-2.376064989333999122e+00
-2.105450941447482904e+00
-1.722374351498283218e+00
-3.312633538340755024e+00
-1.768313127762207060e+00
-1.394316716270756373e+00
-1.835269054075897799e+00
-2.363939543102580032e+00
-2.479379847074067555e+00
-1.740675254148898787e+00
-1.740574579916071229e+00
-1.721113903756872787e+00
-1.404187003005093359e+00
-1.847390028590123023e+00
-2.071643040453443163e+00
-1.088584037527233761e+00
-2.691129598465167305e+00
-2.428392393947470751e+00
-2.784886561705736341e+00
7.195584314725600450e-01
-2.105723692239690692e+00
1.079306093674892608e+00
-3.038890871338663757e+00
-2.571445896146656196e+00
-1.925548247808759328e+00
-2.659293422898823422e+00
-2.121718049863464017e+00
-1.717761126484393941e+00
-1.055826847616796016e+00
-1.589304087950889510e+00
-2.075747370315729867e+00
-3.170181111706790844e+00
-2.121390506104900098e+00
-2.068042978563331857e+00
-1.476489079978097863e+00
-1.485777504295123563e+00
-1.456947039274679057e+00
-1.612224899887252150e+00
-1.472221641720601326e+00
-9.618453707266478858e-01
-1.676418483662803993e+00
-3.506636606060547834e+00
-2.473849267388313677e+00
-2.128582201570798915e+00
-2.746083962540144086e+00
-2.801891141392092166e+00
-1.506054201755340216e+00
-2.268172054298704055e+00
-1.492283880894387238e+00
-2.821138253158693487e+00
-1.503540984841635009e+00
-1.478049710483634982e+00
-8.602184381361759336e-01
-2.403649277183408373e+00
-2.393397839603252919e+00
-3.117131610929758878e+00
-2.297339366072911560e+00
-2.442052578508825178e+00
-2.091129138271782040e+00
-2.678349788178215007e+00
-2.033987126169595427e+00
-1.264919592368151768e+00
-2.405527621545237693e+00
-1.582373525109971979e+00
-2.361843322143190704e+00
-2.155499808040783449e+00
-2.448054491903247865e+00
-1.817935735666836194e+00
-1.137940027190444070e+00
-1.621958781600648436e+00
-1.862885178782500262e+00
-1.944618187597431103e+00
-3.192741798362042971e+00
-2.575552540554536307e+00
-1.730431839881280354e+00
-1.702420734986079154e+00
-2.837275263944771808e+00
-2.274117853432098713e+00
-2.328845692928563693e+00
-2.149775117119093082e+00
-1.737471972022092359e+00
-2.083544066606092926e+00
-5.411603952701860010e-01
-2.756252387980643093e+00
-1.875614531075001423e+00
-2.899546148395128142e+00
-2.077150571251085154e+00
-2.339083090960393463e+00
-3.138372097061543187e+00
-2.441900957666213401e+00
-1.962024003591107402e+00
-2.434265307033230741e+00
-1.311229675861840249e+00
-2.356282808746771096e+00
-2.020736990697932001e+00
-2.261312854552858909e+00
-1.613037741293549487e+00
-4.305391369700576121e+00
-2.379045958634559810e+00
-1.959544392752452069e+00
-1.423581545199485987e+00
-2.166031669194888210e+00
-6.379095551757529847e-01
-4.815230668729817864e+00
-2.027458125759093122e+00
-1.538730061113771086e+00
-2.189323249699947738e+00
-1.999958909216719150e+00
-1.805353111672738819e+00
-2.094010672655272742e+00
-1.922819199085022746e+00
-1.323928364339177932e+00
-1.709395047028930748e+00
-2.079456800160967234e+00
-2.138267484479943192e+00
-1.383282428047767354e+00
-2.118753458752067331e+00
-1.379020905218512283e+00
-2.673754677425517201e+00
-2.049495514256262751e+00
-1.546428785794532246e+00
-1.901206584592818771e+00
-1.990230885656185222e+00
-1.548221453442497619e+00
-2.079208938774502968e+00
-2.996846713443748200e+00
-3.031058547535753434e+00
