5.475589687731751809e+00
1.510295031603381943e+01
-1.357682713458593149e+00
1.375431751606678077e+01
1.089612931085127023e+01
1.502024622989750746e+01
1.780125233999205747e+01
2.489842353368040762e+01
3.855085124173018585e+01
3.026373518235216054e+01
3.286331632470964337e+01
5.799104624213902603e+00
2.017839834673992527e+00
8.465064966360541732e+00
1.086430865114101252e+01
1.055947341024657682e+01
3.237885706427810817e+00
4.015919625315952146e+01
2.447773129643007195e+01
8.816938574689938690e+00
3.087889059497457467e+01
1.255525591238704841e+01
1.175231337783375807e+01
2.065527196342494420e+01
2.747602231067758538e+01
1.345383466149409024e+01
-1.274221409838460417e+01
1.978645683405415667e+01
1.419355561983803682e+01
2.898418478991408165e+01
1.732573234493284176e+01
7.021354092136961711e+00
1.928202444492066547e+01
1.287893067121986768e+01
4.730017103471056750e+00
3.522273065912342815e+01
1.216933438213988339e+01
3.954945402078612915e+01
3.217833976018444986e+01
1.185321055097661613e+01
3.194099896121066706e+01
1.881167815681524402e+01
1.941224730651439501e+01
5.283026508241764674e+00
9.069610762552816396e+00
2.502396442247297870e+01
1.382078277192000648e+01
2.969912300566850405e+01
2.736911565862772377e+01
3.542329076270758037e+01
2.570294318171146841e+01
3.682379809983352459e+01
7.008606860805000949e+00
3.944729010336212038e+00
3.560464658301151530e+01
2.686017054453804320e+01
2.198041503949635711e+01
3.382036384650729133e+01
3.815693423226208836e+01
3.756890275012837321e+01
2.057386715441028002e+01
3.299090582975996000e+01
1.270865405561695916e+01
5.047685822730144878e+00
9.430959481096376607e+00
3.042632908339700037e+01
2.904326274269591934e+01
2.919042148388574986e+01
1.179046341976324008e+01
4.621579799677267175e+00
8.528615094718123402e+00
1.216508344176640399e+01
2.920915173040680912e+01
1.126053477150984961e+01
1.158404019736189206e+01
1.082108708363991667e+01
7.073644222359494194e+00
2.167764002366718046e+01
2.409134208408973876e+01
2.361717660958545650e+01
3.136311512487881004e+01
3.743399746911528325e+01
3.422631983679280410e+01
3.596663377200533773e+01
6.393388949099309215e+00
2.569175997551386104e+01
2.029642323210627097e+01
7.233808584292559019e+00
8.454569440892996113e+00
2.846942473438704013e+01
9.886492666563988507e+00
3.603066473232998845e+01
3.531921374180201667e+01
1.445559803617580918e+01
1.356320986395234485e+01
5.851310495844746384e+00
5.509264847400062948e+00
3.430677040623167784e+01
2.861581062770600781e+01
1.258632460847592860e+01
6.924037858986549665e+00
1.298854810488256462e+00
7.511212661241033040e+00
1.595459896903197006e+01
5.298667616133103309e+01
3.207305066858501164e+01
5.654195808961158320e+01
3.967208573144303330e+01
3.270298204395232489e+01
3.848386781747643681e+01
7.676841807160688091e+00
-9.527802309350416721e+00
7.147936008881151437e+00
7.504154038652752767e+00
2.931092041254446556e+00
5.676003443106719004e+00
1.189705851307928874e+01
2.603310482406867976e+01
3.187505168099046315e+01
3.394677949244903914e+01
3.164977095713640409e+01
2.234664434797167942e+01
2.444092686456590258e+01
3.013921729811954009e+01
1.572964807512027363e+01
1.970878653828471627e+01
2.682211488439876490e+01
1.855189012983235486e+01
3.039200934437799972e+01
1.843840065844435117e+01
6.044116965123163432e+00
8.627594737384118417e+00
1.144843742323670810e+01
1.401204497476491362e+01
6.235608956408461268e+01
3.595710675847408311e+01
