nan
nan
nan
nan
nan
9.443192987143111949e-02
2.662367687326346877e-01
4.695519642278124239e-01
7.716559048555264866e-01
4.056701823220804082e-01
5.201232566298719107e-01
2.993857160599255884e-01
3.157510840083257442e-01
2.004939346260137256e-01
3.861521045712819067e-01
5.292370912798566307e-01
7.662570384066048623e-01
7.754456670640726967e-01
7.928194055492631120e-01
5.338340829902148421e-01
7.513802081595466476e-03
2.241842350627698544e-02
9.880437579212753008e-10
1.861844012296387518e-13
nan
