3.798333333333333428e+01
4.368333333333333002e+01
5.103333333333333144e+01
5.373333333333333428e+01
5.893333333333333002e+01
7.466666666666667140e+01
8.611666666666666003e+01
1.017500000000000000e+02
1.168666666666666600e+02
1.393666666666666742e+02
1.650000000000000000e+02
1.811500000000000057e+02
1.811833333333333371e+02
2.220000000000000000e+02
2.221166666666666742e+02
2.314166666666666572e+02
2.374666666666666686e+02
2.794833333333333485e+02
2.956166666666666742e+02
2.956333333333333258e+02
2.956499999999999773e+02
3.033000000000000114e+02
3.118166666666666629e+02
3.270833333333333144e+02
3.426666666666666856e+02
3.647166666666666401e+02
4.313166666666666629e+02
4.417666666666666515e+02
4.472166666666666401e+02
4.473999999999999773e+02
4.624166666666666856e+02
4.666999999999999886e+02
4.770166666666666515e+02
4.823500000000000227e+02
5.293166666666667197e+02
5.293666666666666742e+02
5.293833333333333258e+02
5.294500000000000455e+02
6.141166666666666742e+02
6.427166666666666970e+02
6.733500000000000227e+02
6.773999999999999773e+02
6.933333333333333712e+02
7.160666666666667197e+02
7.193833333333333258e+02
7.241166666666666742e+02
7.395833333333333712e+02
7.406666666666666288e+02
7.543666666666666742e+02
7.618166666666667197e+02
7.700000000000000000e+02
7.818333333333333712e+02
7.863666666666666742e+02
8.171166666666666742e+02
