3.583333333333333481e+00
6.450000000000000178e+00
1.040000000000000036e+01
1.180000000000000071e+01
1.368333333333333357e+01
1.658333333333333215e+01
1.871666666666666501e+01
2.306666666666666643e+01
2.753333333333333499e+01
3.113333333333333286e+01
3.610000000000000142e+01
4.035000000000000142e+01
4.948333333333333428e+01
5.363333333333333286e+01
5.731666666666666998e+01
6.083333333333333570e+01
6.600000000000000000e+01
7.113333333333333997e+01
7.551666666666666572e+01
8.279999999999999716e+01
8.545000000000000284e+01
8.928333333333333144e+01
9.200000000000000000e+01
9.425000000000000000e+01
9.796666666666666856e+01
1.016666666666666714e+02
1.050166666666666657e+02
1.089500000000000028e+02
1.119166666666666714e+02
1.182500000000000000e+02
1.229833333333333343e+02
1.257333333333333343e+02
1.295166666666666799e+02
1.331833333333333371e+02
1.374833333333333201e+02
1.431333333333333258e+02
1.459666666666666686e+02
1.500666666666666629e+02
1.537500000000000000e+02
1.577833333333333314e+02
1.631333333333333258e+02
1.677333333333333201e+02
1.709333333333333371e+02
1.729333333333333371e+02
1.840333333333333314e+02
1.873833333333333258e+02
1.899166666666666572e+02
1.949666666666666686e+02
1.985000000000000000e+02
2.029333333333333371e+02
2.070833333333333428e+02
2.125000000000000000e+02
2.173666666666666742e+02
2.209333333333333371e+02
2.257833333333333314e+02
2.285166666666666799e+02
2.316333333333333258e+02
2.347333333333333201e+02
2.418666666666666742e+02
2.424000000000000057e+02
2.440000000000000000e+02
2.461166666666666742e+02
2.490666666666666629e+02
2.522333333333333201e+02
2.538333333333333428e+02
2.617833333333333599e+02
2.630333333333333599e+02
2.650500000000000114e+02
2.696833333333333371e+02
2.723500000000000227e+02
2.959333333333333371e+02
2.980833333333333144e+02
2.992333333333333485e+02
3.034166666666666856e+02
3.072166666666666401e+02
3.079666666666666401e+02
3.110833333333333144e+02
3.120333333333333599e+02
3.128999999999999773e+02
3.162500000000000000e+02
3.173999999999999773e+02
3.216000000000000227e+02
3.239333333333333371e+02
3.263333333333333144e+02
3.306999999999999886e+02
3.327333333333333485e+02
3.346499999999999773e+02
3.441166666666666742e+02
3.460500000000000114e+02
3.508500000000000227e+02
3.544666666666666401e+02
3.581499999999999773e+02
3.615000000000000000e+02
3.676666666666666856e+02
3.725166666666666515e+02
3.767333333333333485e+02
3.777500000000000000e+02
3.798333333333333144e+02
3.818833333333333258e+02
3.831000000000000227e+02
3.865333333333333599e+02
3.880166666666666515e+02
3.908000000000000114e+02
3.925833333333333144e+02
3.946333333333333258e+02
3.946499999999999773e+02
3.973333333333333144e+02
3.986999999999999886e+02
3.991499999999999773e+02
4.037833333333333599e+02
4.054666666666666401e+02
4.077500000000000000e+02
4.082666666666666515e+02
4.119166666666666856e+02
4.141333333333333258e+02
4.175333333333333599e+02
4.183333333333333144e+02
4.203666666666666742e+02
4.222166666666666401e+02
4.265000000000000000e+02
4.284166666666666856e+02
4.307500000000000000e+02
4.326333333333333258e+02
4.356666666666666856e+02
4.386666666666666856e+02
4.394499999999999886e+02
4.433000000000000114e+02
4.450166666666666515e+02
4.488166666666666629e+02
4.506000000000000227e+02
4.530833333333333144e+02
4.556999999999999886e+02
4.581499999999999773e+02
4.600666666666666629e+02
4.655500000000000114e+02
4.668166666666666629e+02
