3.783333333333333215e+00
1.548333333333333250e+01
3.531666666666666998e+01
4.670000000000000284e+01
4.910000000000000142e+01
5.970000000000000284e+01
6.264999999999999858e+01
6.775000000000000000e+01
6.915000000000000568e+01
7.278333333333333144e+01
1.235499999999999972e+02
1.295333333333333314e+02
1.391166666666666742e+02
1.395333333333333314e+02
1.424000000000000057e+02
1.455666666666666629e+02
1.489166666666666572e+02
1.653666666666666742e+02
1.687666666666666799e+02
1.734333333333333371e+02
1.755666666666666629e+02
1.843166666666666629e+02
1.867500000000000000e+02
1.916500000000000057e+02
1.955666666666666629e+02
1.979833333333333201e+02
2.001166666666666742e+02
2.229499999999999886e+02
2.283000000000000114e+02
2.387166666666666686e+02
2.451500000000000057e+02
2.894499999999999886e+02
2.924333333333333371e+02
3.078333333333333144e+02
3.119166666666666856e+02
3.148500000000000227e+02
3.173000000000000114e+02
3.278500000000000227e+02
3.278833333333333258e+02
3.278999999999999773e+02
3.279499999999999886e+02
3.281666666666666856e+02
3.309666666666666401e+02
3.382333333333333485e+02
3.385833333333333144e+02
3.435666666666666629e+02
3.513666666666666742e+02
3.591666666666666856e+02
3.633333333333333144e+02
3.670666666666666629e+02
3.724166666666666856e+02
3.832833333333333599e+02
4.093333333333333144e+02
4.140333333333333599e+02
4.160000000000000000e+02
4.203166666666666629e+02
