1.250000000000000000e+00
1.294999999999999929e+01
2.230000000000000071e+01
2.846666666666666501e+01
3.088333333333333286e+01
3.591666666666666430e+01
4.383333333333333570e+01
4.650000000000000000e+01
4.651666666666666572e+01
4.658333333333333570e+01
6.543333333333333712e+01
7.715000000000000568e+01
8.259999999999999432e+01
8.745000000000000284e+01
9.861666666666666003e+01
1.075499999999999972e+02
1.116833333333333371e+02
1.198333333333333286e+02
1.236666666666666714e+02
1.728499999999999943e+02
1.784166666666666572e+02
1.788833333333333258e+02
1.889666666666666686e+02
1.945833333333333428e+02
2.035166666666666799e+02
2.239666666666666686e+02
2.296500000000000057e+02
2.298833333333333258e+02
2.333166666666666629e+02
2.392666666666666799e+02
2.427500000000000000e+02
2.497500000000000000e+02
2.549666666666666686e+02
2.782833333333333599e+02
2.818833333333333258e+02
2.889333333333333371e+02
2.970333333333333599e+02
3.093999999999999773e+02
3.223500000000000227e+02
3.253666666666666742e+02
3.304166666666666856e+02
3.336166666666666742e+02
3.461166666666666742e+02
3.525500000000000114e+02
3.529666666666666401e+02
3.529833333333333485e+02
3.530333333333333599e+02
3.590000000000000000e+02
3.620333333333333599e+02
3.682666666666666515e+02
3.686666666666666856e+02
3.816166666666666742e+02
3.823000000000000114e+02
3.867833333333333599e+02
3.899499999999999886e+02
3.924833333333333485e+02
3.975666666666666629e+02
3.982166666666666401e+02
4.051333333333333258e+02
4.051833333333333371e+02
4.136833333333333371e+02
4.524666666666666401e+02
4.528000000000000114e+02
4.562833333333333599e+02
4.712500000000000000e+02
4.717166666666666401e+02
4.770833333333333144e+02
