nan
nan
nan
nan
nan
4.153999999999999915e-01
8.295000000000000151e-01
7.649428571428571466e-01
6.605999999999999650e-01
5.887666666666666604e-01
5.295999999999999597e-01
4.813545454545454794e-01
4.452999999999999736e-01
4.122384615384615536e-01
3.928714285714285936e-01
4.196666666666666878e-01
6.044000000000000483e-01
5.635294117647058343e-01
5.402777777777777457e-01
4.999421052631579099e-01
5.184999999999999609e-01
4.861666666666666914e-01
5.376727272727273022e-01
5.857652173913043825e-01
6.559666666666666979e-01
7.063000000000000389e-01
6.700538461538461110e-01
6.440148148148148177e-01
6.359142857142857652e-01
6.199206896551724411e-01
5.950333333333333030e-01
6.081774193548387109e-01
6.944500000000000117e-01
6.882939393939393469e-01
7.261647058823529344e-01
6.980142857142856982e-01
7.533111111111111535e-01
7.582648648648648848e-01
7.571052631578947256e-01
7.421128205128204591e-01
7.568000000000000282e-01
8.274487804878049024e-01
8.411809523809523625e-01
8.450325581395349284e-01
8.364909090909090628e-01
8.382888888888888612e-01
8.627043478260869591e-01
9.544234042553191300e-01
9.751666666666666261e-01
9.778918367346939311e-01
9.786000000000000254e-01
8.471921568627450716e-01
8.468692307692308185e-01
nan
