-4.218867767726124096e-02
2.574474223487300054e-02
-1.340206615905151555e+00
-3.539149262445471233e-01
1.808295406985428178e-01
-5.907222737096111675e-01
1.731386027303528918e-01
1.712514273806867715e+00
8.678842014104274583e+00
1.159575702018173615e+00
4.575301476771573839e-01
3.844962805695635866e-01
2.155833166774566989e-01
6.117292968131564646e-01
1.714690159202001407e-01
6.395309774405910641e-01
4.193175913956981860e-01
1.009485409960680968e+01
2.723456459510043559e-01
1.175144491704048777e-01
1.039416801084803443e-01
1.036009659728472365e-01
1.684847281485821191e-01
6.845934702968747843e-02
7.731587433429921996e-02
2.567088819861191862e-01
7.435610117078110370e+00
5.095210066941047167e-01
-1.301836987983915617e-01
3.710731981987601125e-01
-3.514368547572189333e-02
-3.657996082630498580e-01
8.876133618782159340e-01
1.868584867731152566e-01
2.503678018039381947e-01
-5.761440662266431589e-01
-1.978548671560815750e-03
1.027019733074763685e+01
1.639388457158929766e-02
1.755127654580292129e-02
1.562619965700905666e+00
-6.563142837507825178e-02
2.593504985758443016e-01
4.371381808138579544e-02
8.923294708151380261e-01
-6.291021327704016119e-02
-1.365907564727501800e-01
-1.013678531263860760e-01
6.602696282929776395e-01
1.603425426855324132e-01
2.166494507514579393e+00
1.090933864415781107e+00
-3.067555502857879923e-01
3.895391791942109938e-01
7.117503922881450729e-01
1.329308468307135727e-01
2.294833510043752245e+00
-1.926068361056979816e-01
7.416975338237352666e-01
3.742930203723994764e-01
9.895258728658064273e-02
7.023910051144093281e-01
5.271072631833050304e-01
7.516482087181856897e-02
-4.679358388944592634e-02
5.500245594516650627e-01
8.527760889054241122e-01
1.736273531299208361e+00
9.946578722802570383e-01
3.278391496408892269e-01
1.205194462935025961e-02
4.158844480953768907e-01
1.266975982867540873e-01
3.644510211024021284e-01
7.334652534862965423e-01
1.737654561851218193e-01
3.996242150119769243e-02
1.299375287062018769e+00
4.623815976541243433e-01
7.103579321250514944e-01
1.055267555031603521e+01
7.338304989267748768e-01
8.899215130194044754e-01
3.163406114332383279e-01
8.934741756743391772e-02
2.252715288778631419e-01
-7.639723585242563786e-01
5.536566306327866949e-01
3.567908020428112170e-01
5.485404889521544591e-01
-1.901243955342772629e-01
7.975435848561539531e-01
7.521145429089119983e-01
4.563491307409145992e-01
1.546147033897460610e-01
-2.911604070021724111e-02
5.565595007301905595e-01
1.957732448968718009e+00
1.100695381423564712e+00
2.317563092380373613e-01
-4.183333986508330216e-01
1.707820766111569910e-01
1.172444765555658852e-01
-5.622852552243989832e-01
2.849087024639163634e-01
-5.768971132107019173e+00
7.630991348003825614e+00
4.161245312851861167e-01
5.937272791407076644e-01
3.744673473571311084e-02
-2.158030462493388812e-01
-4.648630764714345998e-01
-1.994173051715822098e-01
2.486096328385437593e-01
1.428632522721123566e-01
7.101301720054664646e-02
5.754344618878974860e-01
1.317758385314004854e-01
3.071521896922660977e-01
2.613833117882757295e-01
-3.024132646381395007e-01
1.125599946995199607e+00
7.971921301025440831e-01
8.730456999283626729e-01
2.431643616950174280e-01
7.277135974832696919e-01
-1.011947635032356581e-02
6.876781123034994003e-01
-3.020563626360706078e-01
9.139467562924209754e-02
2.272867956150932400e-01
5.470013113085315376e-02
4.587830641766202922e-01
1.604490010798764466e-01
7.187347331975050047e+00
7.078915943007336731e-01
