1.680125946086103994e+00
-8.412551965558703770e+00
3.093978782810788175e+01
-7.643158080501539331e+00
-6.283351930563989640e+01
4.218333449438741667e+00
-1.432126419439310183e+01
2.128655444563236543e+01
4.168161361238728091e+01
5.607136560592520169e+01
6.994357373858389337e+01
6.732766216823148397e+01
5.082335873804535709e+01
-2.322722407264312849e+01
-4.391437152943704803e+01
-1.304233824533463633e+02
7.492092993106339804e+01
2.356721974089704297e+00
5.006452315366063743e+01
-9.725542496477588372e+01
3.868335951202723066e+01
-3.415382360716277077e+01
4.063791679500919685e+01
7.532916492893347638e+00
-4.345548754887806808e+01
