6.930156045556600253e-01
6.862642740902583638e-01
8.165287530347518086e-01
4.199938217517364958e-01
7.007751340192703848e-01
6.164211163022832451e-01
9.778135867268837877e-01
8.761503944497645024e-01
1.066651989788376831e+00
5.226719366234032771e-01
1.743631349999063884e+00
7.765456689903453835e-01
6.873776239013114076e-01
4.988993186675134139e-01
6.937914975063358414e-01
5.459908421457589922e-01
5.095381972191580511e-01
5.503681313160591060e-01
2.651532106145273460e+00
8.683531358075697870e-01
6.461399511032527299e-01
9.295913407094963388e-01
1.219413035405348289e+00
7.043421792664003034e-01
6.361817935772297039e-01
5.712149680713127786e-01
6.901087276492716693e-01
6.819296806158081647e-01
7.862550904546503627e-01
8.140212685907703971e-01
9.231684716831251025e-01
5.248544500025968951e-01
1.313856420507409029e+00
9.216976719433296328e-01
6.020105747860236001e-01
5.945519803607908216e-01
8.094194016941833603e-01
-1.371751548814118093e+00
7.799687848169014615e-01
-1.262939384828166478e+00
7.629380178793144784e-01
1.215190452428674961e+00
7.024527287570481171e-01
5.894008837502110465e-01
1.188558635221613757e+00
1.010401399959032442e+00
1.339463382638605315e+00
5.734131042682679702e-01
9.191171519312342220e-01
5.371680850498137261e-01
4.819552810321056091e-01
6.155056394911980755e-01
1.247288475367327010e+00
5.828746395247526024e-01
6.944885722227195357e-01
7.290079716191758541e-01
