-1.278924971575918362e-02
1.669007783688187044e-02
2.200329097419171254e-03
6.190630190554429618e-02
1.616477948647400409e-02
1.815484562830533763e-02
3.497293249994868399e-03
-2.132911904596994455e-03
-3.340955682354604384e-02
6.161043576278188959e-03
4.557948040791075239e-02
-1.190120812604334409e-02
-3.446621430273978659e-02
-4.734719520235961543e-01
1.626557302750995804e-02
-4.998890341458661624e-02
-1.923063078673893644e-02
4.432359017009161739e-03
-7.529611234815547505e-03
-3.045681099426701677e-02
1.342232898976703816e-02
7.602769825833149975e-02
-1.064986135427204751e-02
2.910394635382203971e-02
8.299875960205327363e-02
