7.246225330634342710e-01
4.844293810592376071e-01
6.205597120366018737e-01
5.555689770683397422e-01
6.438292483205714234e-01
6.883012411633830929e-01
5.685070813616311947e-01
5.068311983511147867e-01
-5.478557368709675579e-01
5.299030938366285914e-01
7.085282074803421759e-01
4.873397753311041747e-01
4.074115384286710606e-01
4.607179566181958119e-01
1.378317189670569931e+00
5.417842543266874200e-01
4.126205031180006921e-01
8.200553466839415329e-01
3.758337586495076876e-01
4.680289509370910150e-01
3.760218914104734855e-01
6.173489299071707181e-01
5.403873219155093111e-01
6.021044189602571262e-01
5.627089640442477503e-01
7.595030886071595377e-01
4.963118380251876349e-01
2.096061909438319493e+00
6.057149954159194438e-01
6.497326647617046591e-01
8.227274149560958039e-01
3.724535802489504221e-01
4.818027165647845167e-01
4.391413369441033998e-01
1.017351340929040004e+00
5.209501422682524252e-01
9.801769620727577292e-01
3.426965789680662122e-01
1.709344071589475877e+00
7.642344152431541637e-01
4.479276765345275857e-01
4.348066904069423644e-01
7.486063623277118273e-01
8.714293814327720433e-01
4.658630177878740342e-01
-1.033792508929463949e+00
1.851866534586593005e+00
1.550075153750076318e+00
3.465251584880373881e-01
2.007111387594104457e+00
8.992218452840688991e-01
1.046083921900651692e+00
3.604729380800950067e-01
3.687981267123973117e-01
6.434316778612719778e-01
9.350706524575684853e-01
3.162475945366668428e-01
1.049123390848214932e+00
-1.789763769002120197e+00
2.773874340144723227e+00
5.066381601879834662e-01
4.513082025427774813e-01
6.504742586700991147e-01
6.494768650806281851e-01
4.432646078503376108e-01
3.027933359096120824e+00
4.200975882262446004e-01
