7.371251951868770975e-03
-5.690748140938808181e-03
-7.603530568525229336e-03
-7.235587077583999910e-03
-3.436140928020393198e-02
1.546743638840610002e-02
9.878671078731145194e-03
-7.430255301595138813e-03
-3.418921232767360013e-02
1.066062901087661864e-02
-2.575608040152701367e-02
-6.704412706838479563e-01
6.737179179125024620e-01
8.765458136643929088e-03
1.804383762889358311e-02
-1.516784706618636881e-02
2.596467465365435642e-02
6.992941360511508581e-03
8.224889150891954298e-03
2.022416886093481025e-02
3.309946463004558859e-01
1.226654461894440863e-02
3.439592311981431449e-01
3.191012217325692180e-02
-4.439032999846972451e-03
-6.929234177248986583e-03
3.150480613602781033e-02
-7.847122539209295047e-03
8.089396510798110840e-03
6.777597629793086220e-01
6.240309707200765443e-02
1.344922946861345364e-02
-3.996319548516242826e-01
8.952095535423961747e-01
9.269144888368146401e-03
-5.808843676619517525e-03
-2.708075686347507505e-01
1.499984531146708426e-02
-1.002387406932996397e-02
2.544262528299441346e-03
5.702257438726974527e-03
7.993412219196102675e-02
4.583996981069162445e-03
-1.039144865394246164e-01
8.497427601855065890e-03
2.031930272861416295e-02
-1.048216286114666239e-02
-3.802820428165262084e-02
-8.205534194688083802e-03
-3.529718711544831133e-02
-1.655602131648436018e-02
-6.668426247493926262e-03
2.189830413183733449e-01
-5.880542983821328978e-03
