nan
nan
nan
nan
nan
5.142999999999999794e-01
3.836333333333333262e-01
2.992857142857142660e-01
2.174999999999999989e-01
2.801444444444444182e-01
2.431000000000000105e-01
2.792545454545454775e-01
2.640000000000000124e-01
2.846769230769230496e-01
2.308428571428571552e-01
1.990000000000000102e-01
1.577000000000000068e-01
1.517823529411764794e-01
1.451222222222222358e-01
1.771000000000000074e-01
3.620999999999999774e-01
3.173619047619047895e-01
6.544909090909091232e-01
7.410217391304347867e-01
nan
