nan
nan
nan
nan
nan
3.071613531119399276e-03
1.709771114254599045e-02
1.661748892390646493e-02
2.667734531209042803e-02
3.492074166793368573e-02
6.878544674677722348e-02
7.816583912948193991e-02
1.003212749054293029e-01
1.315446958882283690e-01
1.568138341984633977e-01
2.027475788990257266e-01
2.069938587191878510e-01
2.557047863237320584e-01
3.036122029105227105e-01
3.066012751647855250e-01
3.300567912679674976e-01
3.761498142634007724e-01
3.895978287118098127e-01
4.417294692278201929e-01
2.110811471128689609e-01
5.520203293502112807e-02
3.885539204307553174e-02
3.821660949830896215e-02
9.205464566878984733e-03
2.169046645356442760e-03
5.105735919607057305e-03
2.794859936820714985e-03
3.444122565829266236e-03
9.702080949747227123e-07
6.405801444842040837e-10
1.067421817602109968e-09
2.956711764312558444e-09
1.159410900619661788e-08
1.816450323488538743e-10
5.292655202993046260e-12
4.517719531804686994e-12
8.448797217397441273e-13
4.933831121434195666e-13
1.032507412901395583e-14
1.064049986340362273e-16
1.026446153790650295e-16
8.799350582196331925e-17
3.330669073875469621e-16
2.220446049250313081e-16
7.771561172376095783e-16
5.697800938075361932e-27
2.542572299912297321e-27
2.453703605353124785e-31
5.551115123125782702e-16
3.330669073875469621e-16
8.881784197001252323e-16
8.499313513314254008e-37
5.551115123125782702e-16
7.771561172376095783e-16
0.000000000000000000e+00
7.747232387935796014e-54
3.487386221064252488e-59
8.741771236280590438e-76
3.630368615912063496e-101
1.091588858462499846e-96
5.551115123125782702e-16
nan
