5.552918668023162496e+01
5.637623258037965712e+01
5.534188304161384764e+01
5.611004662142951815e+01
5.625815747228182317e+01
5.521940992160521944e+01
5.659445196119555277e+01
5.563987494650886134e+01
5.540826768835880500e+01
5.522979104008069129e+01
5.518518998230994299e+01
5.607130945546516188e+01
5.572254985482238965e+01
5.588431508283915150e+01
5.616970719425041381e+01
5.537303784414529417e+01
5.586932250962524193e+01
5.500863288175062848e+01
5.516661509884130510e+01
6.035705545631741842e+01
5.545347756265833539e+01
5.629733039297367014e+01
5.509174403613776860e+01
5.555907465078278307e+01
5.625733485575648274e+01
