-3.009445749655674263e+01
-4.543125913020315920e+01
-8.742546802860569244e+01
-1.164916254563179621e+02
-4.601576125719786603e+01
-3.726609842516077009e+01
-6.435016032590596069e+01
1.714911804634854930e-01
-1.997566829109554476e+01
-2.069178980656592515e+01
-1.753936138628339449e+02
-4.660357594240972645e+01
4.488992931042857748e+01
2.231754858285075116e+01
-8.596208451897354053e+00
-2.244234069672056009e+01
6.059220605238149204e+01
-1.233916595597239194e+02
7.177417889513125715e+01
7.946397362357416227e+01
6.319583838718072144e+01
-8.040044350614806490e+01
-3.902075562240501228e+01
6.627101554605414613e+00
-4.904049428727500270e+01
-1.227026653888033536e+02
1.166191374087738986e+00
-9.075513474607765829e+01
-6.710967144987552047e+01
-7.857067883498608296e+01
-1.441566188711498739e+02
4.448831086207244567e+01
2.295997487284972749e+01
-3.377072025683710166e+01
-1.801207153413242850e+02
2.009594231510303430e+01
-1.757217361857970275e+02
6.970597874815284456e+01
2.828571660012327627e+01
-4.008100206730136250e+01
4.331420918476929671e+01
4.182096160319994027e+01
-8.988609376507412208e+01
-1.063314457694144437e+02
3.833351410549092719e+01
1.178220752339451138e+01
4.045696931451361422e+01
6.170114154794389094e+01
7.896570436841584240e+01
4.328309501499740719e+01
-1.278353504315580409e+02
-1.395770990859581389e+02
7.201676010224416302e+01
1.713272621057004486e+01
-4.664332684112068250e+01
-1.092748103431497242e+02
7.442393790022961753e+01
-1.646059245211073403e+02
-8.265886403785393099e+01
-7.776079527257776647e+01
1.109751281436285275e+01
4.038821907137176481e+01
-7.727889976657273507e+01
-2.518229135457020007e+01
4.756549826805832737e+01
-9.898456515138671818e+01
5.563282364464002683e+01
