8.122254098454755322e-01
1.005626681885269047e+00
7.473874868831057450e-01
1.019216605938070286e+00
1.110944005979974891e+00
8.273453538126090967e-01
1.063534263383373757e+00
8.072389540402469255e-01
1.047546703724608452e+00
6.912426829729656497e-01
8.140647440410930802e-01
8.291332186159411366e-01
7.065025669356941318e-01
-5.750245066188654219e-02
1.065679289681188413e+00
1.416887291246887282e+00
6.289789752437471293e-01
8.535557829036679589e-01
7.478336566927077378e-01
2.655678981776468550e+00
8.000132973073209586e-01
9.471840936603370675e-01
8.022773653521858561e-01
7.555294326301713603e-01
8.650716463170192716e-01
