1.694999999999999929e+01
3.503333333333333144e+01
3.871666666666666856e+01
4.195000000000000284e+01
6.206666666666666998e+01
8.598333333333333428e+01
8.775000000000000000e+01
8.981666666666666288e+01
1.018833333333333400e+02
1.430833333333333428e+02
2.063166666666666629e+02
2.224166666666666572e+02
2.296500000000000057e+02
2.383499999999999943e+02
2.383833333333333258e+02
2.598333333333333144e+02
3.228833333333333258e+02
3.646166666666666742e+02
3.694166666666666856e+02
3.746833333333333371e+02
3.853833333333333258e+02
3.931999999999999886e+02
4.013999999999999773e+02
4.039666666666666401e+02
4.336499999999999773e+02
