-3.171853864397405909e-02
-3.106848824659096120e-02
-3.334391550243651775e-02
2.558484978696412906e-02
-1.292021725192739681e-02
3.472064478956724681e-02
1.753186838955173368e-02
-1.296587485577219839e-02
5.280454907994203140e-01
3.098267565647177049e-02
-8.857931787057907180e-02
1.787411290031513944e-02
1.912268045597329469e-03
-8.231638559811927172e-03
1.388313581791913998e-01
-1.504685983007561859e-02
7.324840359217432977e-05
-5.635522128730656444e-02
3.166097308081987360e-02
4.123009731617661988e-02
-8.891728519087109539e-02
-1.409648338472550139e-02
1.921452293485685983e-03
-4.127960075303292037e-02
2.358641705844206730e-03
2.964175414269902987e-03
6.726667125744598130e-02
-8.871081982318298476e-01
-4.021919057944614573e-02
-3.393289951821259337e-02
-1.854942362763381536e-02
2.059983757526424441e-03
-1.293813367482812317e-02
-1.206793815995979395e-02
1.111188624861620122e-01
1.426318362956919758e-02
-6.990567020671675791e-02
-1.817115313013175498e-02
-3.084604547888392112e-01
-8.776028972585266097e-02
-1.952356249460080947e-02
-1.065642064289306669e-02
-3.576634869431700309e-02
-5.094326761440015573e-04
1.395042642932367051e-03
-2.477333425735935291e-01
2.838829395478279505e-01
-3.952942282999077905e-01
-1.781453220582253014e-02
3.527483229707450985e-01
-1.256876402802333849e-02
4.990757396320475575e-02
-8.809618459931129603e-03
5.852646916999333648e-03
3.678609447429152801e-02
-3.422779411377064457e-02
-8.014314320112703519e-03
-1.757376113903592330e-01
2.511827148925135575e-02
-7.430082767831834578e-02
9.503381116860509315e-04
-3.386318581280249596e-02
3.840505831979043952e-03
5.200910876527871374e-02
-9.909459368877833463e-03
-4.929263296236933711e-01
-4.437871778947510143e-02
