5.535566013510556616e+01
5.542373091996415013e+01
5.544462703194133013e+01
5.528505624079945591e+01
5.507610450571149840e+01
5.525609730408941545e+01
5.615108968906539388e+01
5.582490107885111286e+01
5.516749352404865192e+01
5.595482529114981674e+01
5.995358224385229562e+01
5.524472901605872721e+01
5.541436147802666312e+01
5.818951979663121676e+01
5.618862353263268261e+01
5.551344133858985685e+01
5.517388580105637175e+01
5.529344847713579725e+01
5.744675119336528724e+01
5.611547396703722512e+01
5.512074238267550186e+01
5.612586183551905350e+01
5.506733065027655272e+01
5.589179269705932285e+01
5.699490077856970061e+01
5.521784909430556354e+01
5.580188451576244546e+01
5.606863261780488017e+01
5.615052658492034254e+01
5.551125982294576033e+01
5.516958299432530310e+01
5.584092703970794958e+01
5.626806920409720192e+01
5.615881351004906463e+01
5.805270954374247339e+01
5.528747617314162000e+01
5.511364049816512534e+01
5.533386753891313958e+01
5.782271764428892169e+01
5.241969583373270325e+01
5.627225817472930913e+01
5.622809072619252646e+01
5.586113006157290073e+01
5.569843026151816190e+01
5.692519195472244320e+01
5.568762799385518036e+01
5.856701997742801780e+01
5.521612791949812760e+01
5.569863998762890844e+01
5.500513400436963707e+01
5.562482765479573033e+01
5.502796235155386029e+01
5.662918682009112814e+01
5.584655720460796857e+01
5.550582489887271720e+01
5.513727456049976183e+01
