5.516181240001135677e+01
5.502304017248778933e+01
5.571379540326145730e+01
5.556730681600297572e+01
5.511222245829186051e+01
5.606206873561171022e+01
5.509235663310943210e+01
5.509046195560343762e+01
5.270010234268166727e+01
5.562925821857511721e+01
5.519850571240800008e+01
5.545061068954134242e+01
5.521615146265516927e+01
5.552432856765604186e+01
5.549883323420492331e+01
5.509776465424588565e+01
5.565251190771528655e+01
5.574196159696695929e+01
5.510264788616026976e+01
5.504228137534268939e+01
5.548065173021414864e+01
5.519269894527727160e+01
5.570461879772476266e+01
5.559923530653244228e+01
5.581141302358458489e+01
5.561234805342616028e+01
5.570601425506610838e+01
5.547804281741454702e+01
5.526240990992327085e+01
5.588026108038393858e+01
5.617733702398744811e+01
5.534100756774525109e+01
5.565641396643956540e+01
5.534754100877211869e+01
5.605106979147156210e+01
5.562242508470568225e+01
5.633949115345640024e+01
5.507225230159387053e+01
5.525843932043920859e+01
5.565750161933063112e+01
5.512006513158296173e+01
5.544603626854468104e+01
5.531666640304015914e+01
5.592516754693065195e+01
5.760343522006395744e+01
5.338305219497053855e+01
6.028744442097526957e+01
5.693757177710835293e+01
5.505606662993179157e+01
5.646037798423850518e+01
5.581040638638506124e+01
5.709769423505940722e+01
5.559497318910047170e+01
5.542747726424325094e+01
5.579036947239931976e+01
5.649685167753175108e+01
5.518938227724920154e+01
5.523186617050803449e+01
5.572526282618381543e+01
5.853703994079644701e+01
5.540115123701087185e+01
5.520767614669224344e+01
5.562283727200338035e+01
5.575213745878348703e+01
5.638210935178928196e+01
6.028925465893460256e+01
5.567457202577627129e+01
