nan
nan
nan
nan
nan
7.298000000000000043e-01
5.867333333333333290e-01
5.489857142857142991e-01
4.910999999999999810e-01
4.504555555555555535e-01
3.914000000000000257e-01
3.669454545454545191e-01
3.381666666666666710e-01
3.102153846153846151e-01
2.894428571428571684e-01
2.652333333333333210e-01
2.560000000000000053e-01
2.364176470588235379e-01
2.198777777777777831e-01
2.136578947368421022e-01
2.041999999999999926e-01
1.916952380952380852e-01
1.853727272727272724e-01
1.738913043478260978e-01
2.096999999999999975e-01
2.607999999999999763e-01
2.681769230769230905e-01
2.638888888888888951e-01
3.024428571428571244e-01
3.346862068965517079e-01
3.080999999999999850e-01
3.180935483870967473e-01
3.083000000000000185e-01
4.549727272727272509e-01
5.438882352941176723e-01
5.308571428571428052e-01
5.121666666666666590e-01
4.893918918918919170e-01
5.305210526315788933e-01
5.599538461538461354e-01
5.551000000000000378e-01
5.643780487804878065e-01
5.631142857142856784e-01
5.898418604651163299e-01
6.177000000000000268e-01
6.118333333333333401e-01
6.069913043478261105e-01
7.254936170212765711e-01
7.442333333333333023e-01
7.355510204081632253e-01
7.217999999999999972e-01
7.198372549019608213e-01
7.555230769230769639e-01
7.438207547169811695e-01
7.536703703703703239e-01
7.914454545454545631e-01
7.819857142857142840e-01
7.752614035087719291e-01
7.805517241379310578e-01
8.595033898305084463e-01
8.714666666666666117e-01
8.912196721311475001e-01
9.391129032258064280e-01
9.748269841269840974e-01
9.686749999999999527e-01
9.605307692307691880e-01
nan
