5.524250360660730763e+01
5.532459625476796106e+01
5.570026016209862263e+01
5.501480053260563352e+01
5.521998013913205483e+01
5.503588104502055245e+01
5.560546258589604207e+01
5.509565336547721159e+01
5.554360515254233377e+01
5.519097386108212078e+01
5.542327697555324306e+01
6.201994548312380573e+01
6.343537527586857294e+01
5.518811485248557602e+01
5.950125900757468145e+01
5.516123708611963394e+01
5.512146808966198819e+01
5.504306624114760638e+01
5.608342270021562115e+01
5.211256386801032647e+01
5.710758802501340625e+01
5.500268136967274302e+01
5.918422361996420733e+01
5.535440681668114138e+01
5.555910410985632097e+01
5.503463062572836151e+01
5.557122534562355298e+01
5.504211396449824178e+01
5.520465927551901331e+01
6.101900285499461063e+01
5.551030660728341104e+01
5.600727968206704332e+01
6.039110610960613457e+01
6.039571083140720731e+01
5.537747305172513279e+01
5.699711778772769577e+01
5.277368982695775657e+01
5.525060530813252768e+01
5.534414792483118362e+01
5.546217347297393019e+01
5.512202056660986926e+01
5.508903353512664580e+01
5.502210514274337072e+01
5.587326799196269889e+01
5.510530991601628870e+01
5.542271375423854352e+01
5.564580468376068723e+01
5.510346672211556296e+01
5.534791146737525480e+01
5.549014415095145836e+01
5.544796870794217369e+01
5.500864990648278763e+01
5.507494609047210332e+01
5.559218944676892704e+01
