6.914798699700976670e+01
-5.188630551824978454e+00
-7.800866507301783770e+01
-1.629984958781226965e+02
-1.964242054705249245e+02
7.274919087631150205e+01
-1.657529263216611781e+01
-2.974298302943368810e+01
-1.715002558479422134e+02
-4.834241283211179407e+00
5.782670710800465486e+01
-6.433925866539571814e+01
-6.391508602496875824e+01
1.817262136185762378e+00
2.597214625927268372e+00
5.417748874386661839e+01
-3.889581135481937224e+01
2.942225274428168547e+01
3.166299599606784909e+01
6.635253042909155852e+00
3.050123413191516164e+01
-4.090520972828947777e+01
3.372382805214273560e+01
-1.380796917508254182e+02
4.504733981519584063e+01
-1.317814902638762646e+02
6.845273800140546427e+01
1.662255896608440153e+01
-2.029553943699009722e+01
-2.693701740033846548e+01
-1.924003146922179894e+02
-4.977909252759307179e+01
-1.504148347440615225e+02
4.302566434243947668e+01
-8.140491212405802202e+00
-7.722919081601620661e+00
-3.870975793571481205e+01
-3.523817970311912262e+01
-1.779023229597892168e+02
7.286511345563849318e+01
5.175819035516177280e+01
3.993171776255228789e+00
5.854250584117907863e+01
-8.373866610839858993e+01
1.136650502382195960e+01
2.662091912422483730e+01
-1.778858885589183387e+02
7.149331138978216416e+01
-5.077988038693308681e+01
-1.557934146735374270e+02
1.686323405665202912e+01
6.986262290328204472e+01
5.099426468519148159e+01
-1.304863386911575240e+01
