-6.647435744626182252e-01
2.392871335655777920e-01
-1.015297989568853643e+00
-2.327455032711077398e-01
-3.238983244594817457e-01
2.069531571806885462e-01
1.165544465991538381e+00
-1.903943441943283799e-01
4.152498460670358410e-02
2.864473873056795350e-01
-7.487593607557005093e+00
-6.182839908118461514e-01
6.621157020413534489e-02
1.402879971993979680e-01
-4.136492613771508564e-02
2.337460632840611674e-01
-9.345125249856209640e-03
-3.519688941367319496e-02
-1.354715186304497365e+01
1.040786506014524049e+00
1.151266871776101680e-01
1.771059508008238359e-01
6.311942418574199021e-01
4.777786015096773808e-01
2.645520309680978177e-01
8.929715281290510065e-01
5.507354313471500840e-01
7.212496387300280087e-01
4.581064955301841074e-02
-1.254850853528431509e+00
2.410550612763038281e+00
-4.069499016078998443e-01
3.081253513711438963e+00
-1.013247412317314300e+00
-2.647759968354629123e+00
3.636692364353348306e-01
-1.656463159304604471e-01
-1.176545307668287066e+01
-6.829296125516293170e-02
-1.201469949435608520e+01
7.816539474067213389e-02
3.434909858298134555e+00
-4.389381099311862044e-02
-2.319435585151950405e-02
1.563918792304066274e+00
8.232581294028022689e-02
-1.732854256287082562e+00
-1.119945842425727367e+00
4.533355572189043392e-01
7.171240721646870986e-01
4.004982347517409558e-01
-1.051865622141458623e+00
-3.164925960782547953e+00
-4.579342945284451960e-01
3.955540779168359444e-01
-6.872987560351407899e-01
