nan
nan
nan
nan
nan
3.287068053234865062e-04
1.081244802695446872e-03
5.051867113851082891e-03
1.442373051283485363e-02
3.092468264065295624e-02
4.237546582557560892e-02
7.256738945938823182e-02
9.382281840717432431e-02
1.214219009155804718e-01
1.705154042339778186e-01
2.037729227927741471e-01
2.492205620266838562e-01
2.688723907067707142e-01
3.438374132095239899e-01
3.561805151839041450e-01
3.779118661682540070e-01
4.360003026193227660e-01
4.094010669286702875e-01
3.523972334624904112e-01
4.778704238175957020e-01
5.097425648065097015e-01
5.121021061350035097e-01
4.299585509856012067e-01
2.121953854528026984e-01
2.951188938441866583e-01
4.572522995156325099e-02
4.357976359206050532e-02
9.773019243269898126e-04
1.701878052827732191e-04
2.114423244159446824e-05
1.102916011963550602e-06
2.435060605820993374e-06
2.502596413433977318e-07
2.865897842374565130e-07
6.353470227704605122e-08
1.310698183321079568e-08
2.394690445939318124e-09
9.153643398818189780e-10
4.424567157101932935e-09
9.746486950845678621e-10
1.697648688292474617e-10
8.112976956908823922e-11
8.204276147338873670e-10
1.066640109570471395e-10
7.771561172376095783e-16
1.812523452921674646e-24
9.248798466423030190e-30
1.089698749958485832e-29
5.551115123125782702e-16
3.330669073875469621e-16
nan
