nan
nan
nan
nan
nan
8.252000000000000446e-01
7.218333333333333268e-01
6.094857142857142973e-01
5.238000000000000433e-01
4.570555555555555483e-01
4.184999999999999831e-01
3.711454545454545562e-01
3.419666666666666410e-01
3.148153846153846080e-01
2.845428571428571529e-01
2.649333333333333540e-01
2.449999999999999956e-01
2.334176470588235353e-01
2.121777777777777707e-01
2.045578947368421052e-01
1.960000000000000075e-01
1.824952380952380993e-01
1.823727272727272697e-01
1.872217391304347722e-01
1.655333333333333379e-01
1.582999999999999963e-01
1.550076923076923185e-01
1.625148148148148064e-01
1.944142857142857062e-01
1.761206896551724133e-01
2.449999999999999956e-01
2.426677419354838772e-01
3.371500000000000052e-01
3.676818181818181652e-01
3.998529411764705777e-01
4.406428571428571694e-01
4.231333333333333058e-01
4.499108108108108017e-01
4.424736842105262968e-01
4.566307692307692290e-01
4.704999999999999738e-01
4.845073170731707402e-01
4.895857142857142907e-01
4.670744186046511537e-01
4.784181818181817980e-01
4.913111111111110874e-01
4.935521739130434571e-01
4.656510638297872151e-01
4.812666666666666759e-01
7.033918367346938538e-01
6.925999999999999934e-01
7.456764705882352740e-01
7.391769230769230647e-01
7.573603773584905996e-01
7.904074074074074474e-01
nan
