9.426115954727697366e-01
9.724336744593188309e-01
1.745201637716461418e+00
9.145956003326819461e-01
9.604059791502186361e-01
9.273494630923392323e-01
9.359500553406815415e-01
1.169244744285060644e+00
2.329256341900318272e+00
9.233008209433092306e-01
1.019949468764443701e+00
9.184233194840885073e-01
9.375479882919079966e-01
9.536057687785887138e-01
1.016759986984368425e+00
1.072326927086576287e+00
8.456891445863606860e-01
2.573661870004693597e+00
1.015753725627357662e+00
9.273601099420261118e-01
8.752799022852673083e-01
9.425797283355040745e-01
1.067395669857089668e+00
1.045966382297144781e+00
9.928998692240952328e-01
1.071927112587243380e+00
2.238949181471257432e+00
1.093883638288305038e+00
9.504038335542464022e-01
1.097918553411643572e+00
9.215668446980999073e-01
7.281873083991581286e-01
1.102503448649269968e+00
9.552258243249071024e-01
8.422473076974961170e-01
9.561090629910882210e-01
8.987521692217160796e-01
2.978438899478833779e+00
9.339220178745472056e-01
9.589401287673012808e-01
1.074568794069261868e+00
9.723848980865090752e-01
9.164279121970230202e-01
9.268698512533546374e-01
8.514102432245271856e-01
1.029406932176652800e+00
1.006969622725102820e+00
8.932305652894888537e-01
9.732446032879306097e-01
8.444272824945119327e-01
1.242056038852674682e+00
9.037306351608777044e-01
7.688532584792188151e-01
9.056065996338020785e-01
9.090478365630428881e-01
9.816942529818220020e-01
1.338438517737376987e+00
9.656008552616844876e-01
7.468425867885138958e-01
1.011878604941846227e+00
9.648064225350867495e-01
1.042950895355709173e+00
8.703417467684084752e-01
8.170983899359361979e-01
9.542976423852701506e-01
9.626382980704625281e-01
1.008662431068489740e+00
1.182850025722561815e+00
9.232252851520502679e-01
8.580201920047511033e-01
9.988058964042920707e-01
9.161796049688405441e-01
1.072600386350429646e+00
9.023947200879706143e-01
7.895919850859740574e-01
9.570640972267733249e-01
9.493076470351979879e-01
1.140835788049523680e+00
9.388581897038966728e-01
1.070740366100328522e+00
2.781420895553774031e+00
1.060257630281528307e+00
1.072259152758645140e+00
9.562052067627768714e-01
7.842436949891384845e-01
8.969285501691252049e-01
1.134470294085265341e+00
8.006878159352640578e-01
9.694754609071901674e-01
1.020055130733633186e+00
9.210022981906627049e-01
1.133038003792871784e+00
1.018138865788005276e+00
9.966182312069941096e-01
1.057582014699569362e+00
9.091184949501780466e-01
8.953188354353165401e-01
1.172057389903522928e+00
1.219653108767547511e+00
1.049555004331530261e+00
8.647752058678292997e-01
8.089193866528557875e-01
9.898275795695963275e-01
1.169779820648866542e+00
9.519843550391442477e-01
-4.051794392945907708e-01
2.267181244931129935e+00
7.791431495486904613e-01
9.695061239683377963e-01
8.353126629570283290e-01
7.441888438022488117e-01
7.419049037644049882e-01
9.077939296851263995e-01
1.072241232915557729e+00
8.945806788829713252e-01
8.404101439565055953e-01
1.023563168035184434e+00
1.010612877925252562e+00
9.985357858103293127e-01
9.517660369157988631e-01
1.114737246615250088e+00
1.020420585117033152e+00
1.059997120117436742e+00
9.748112337422457641e-01
1.010487438493580692e+00
9.240266239480025012e-01
1.057023079641389751e+00
9.449117484776025089e-01
1.039170665577960229e+00
8.119584621098374644e-01
8.432993784820314032e-01
9.143200330308514090e-01
9.848983628886276431e-01
1.058332586723333968e+00
2.344409209308275788e+00
8.808066632572536525e-01
