1.757785897430474840e-05
4.393479149887060710e-03
3.964908653030200722e-03
3.645320996208075738e-03
2.874631168641443579e-03
2.499298160085486158e-03
2.364502332617243307e-03
2.004462383314998056e-03
5.722248414847543561e-03
1.795667727616793996e-03
1.744587706638163135e-02
2.544608756561741059e-03
1.106709107417639228e-03
9.352065558242854187e-04
9.252840326519720139e-04
8.245499724145708993e-04
8.147263903569851176e-04
8.069806289750554177e-04
7.674693579354605749e-04
8.972638024330371496e-04
nan
1.718378361960252575e-03
nan
