1.585636258959241659e-04
4.565338448718254775e-03
5.183516997058297028e-03
5.092171329957748994e-03
4.325502681135431210e-03
4.021613446514871355e-03
3.257205567760246365e-03
2.960928987672326561e-03
3.569167082176320088e-02
3.115295772422895740e-03
1.323631215354638055e-02
7.258209353066711993e-03
1.353791678860913686e-03
1.192016848365594307e-03
1.114105923698402272e-03
9.881887830816896406e-04
1.085522075341130042e-03
1.047779080060021531e-03
8.896247618200485516e-04
1.174298949849814522e-03
nan
3.349732217592955169e-03
nan
