1.483266792855325415e-02
1.982688253725524707e-01
1.291430962904073498e-01
2.311892961037644301e-01
3.850551428515280178e-02
3.388906265024536069e-01
4.467932942897236970e-01
1.708416034957337404e-01
1.989268806729687922e-01
1.185029877539789667e-01
2.733519612556277803e-02
2.397647181632646743e-02
2.605923515288903758e-01
3.063398201026847900e-01
3.123574799880357022e-01
5.809766325187226688e-01
3.720359321256374585e-01
8.965699750759776876e-01
2.793241295181972950e-01
2.050943422603976329e-01
3.997499771855922424e-01
nan
8.032528899025246361e-01
