3.206982633124506096e-03
2.213624017847971304e-01
2.486817795913908724e-01
3.034467413121477164e-01
2.632061013660753207e-02
2.729281262291137766e-01
6.371377531521631443e-01
2.767257735766048832e-01
2.929667201666737997e-01
1.462921682489296549e-01
1.701793307317318177e-02
2.448523647610464371e-01
2.085290792978901631e-01
1.330265233722010554e-01
1.038557323196826060e-01
9.306468594646601089e-02
4.730008228486169003e-02
1.549864005561461533e-01
1.338780273150599331e-01
7.080605115675722705e-02
2.173108766517969914e-01
nan
7.091243605975553477e-01
