3.123861360430674622e-06
-3.463384234286842221e-04
-1.037084603371322679e-04
-4.572924345835658553e-05
1.414144574693360112e-04
7.411393824249480524e-05
-1.912692108849897970e-04
3.020627362759244205e-04
2.619949362809841521e-03
1.561848828987924542e-04
-4.528098525030457302e-05
1.044682001337646394e-05
3.605354243158700816e-05
2.288967024915068585e-05
6.815633906130098396e-05
5.709622126714236162e-05
1.441828321968201557e-05
1.436833916262837295e-04
-1.723995762455934384e-05
-5.727724616653339973e-06
nan
1.034752926200513667e-04
nan
