3.126644429762928407e-03
2.686200082003342704e-01
1.788761872375739248e-01
1.956258896171319261e-01
3.177322317320741552e-01
5.176054638088316562e-01
4.754003685127024537e-01
3.372633021461373670e-01
4.497200469590831307e-02
2.761830604999861993e-01
1.018845427738930727e-02
7.540602693589611161e-02
1.715153521096088041e-01
1.342643663179658720e-01
6.165200911034780795e-02
4.621828850405956118e-02
7.789529120844784771e-02
1.692546028662680058e-01
6.753398915906541622e-02
3.873981137719281209e-01
nan
1.655691183363371399e-01
nan
