-4.736615865572489019e-04
8.098013245033109893e-05
-1.060852770035695079e-03
-9.010682303741080141e-04
-5.418896729241557851e-04
-1.594567343213525385e-03
-6.561243301178991709e-04
-1.832923010937164993e-03
-4.353478056894273291e-04
-1.588895571115597630e-03
-1.701423324150596965e-04
-1.388055946441516322e-03
1.336054074735365613e-03
-5.489185535653936295e-04
-1.615391432791728112e-03
-2.394885644358174970e-04
8.963119072708098896e-05
2.018025010780508815e-04
1.073143266838176265e-03
1.182493750794390589e-03
2.006024918928144430e-03
1.503359622153901216e-03
nan
