-3.723763780146076399e-05
-5.489848233313689846e-04
-6.977194038022674133e-04
-7.667052829365858481e-04
-6.361854720801063921e-04
-4.632247677132845815e-04
-4.127255111967023898e-04
-3.584642772728479265e-04
1.656496687489029604e-03
-2.528018656872434890e-05
7.587690699221159071e-05
-2.748104989216301991e-04
-1.351220514586961891e-04
-7.702790480065726912e-05
-8.937645401148886491e-05
-6.954684525679924705e-05
-4.573129444843096247e-05
-3.571384446441146541e-05
2.158375575702409411e-05
6.692376640603737092e-05
nan
1.156419995032642383e-04
nan
