2.481972176693574960e-05
6.094321114965008633e-03
6.580969052497584286e-03
6.202121272974620014e-03
3.331866865158833457e-02
3.694445027424273550e-03
3.185130770152538090e-03
5.016695937968446671e-03
4.178798121791520506e-03
4.105175468628464996e-03
1.766062210244250322e-02
3.279022348527517970e-03
1.712524625376375459e-03
1.620257213292162742e-03
1.478741864108568983e-03
1.320051862411418357e-03
1.399831682102189436e-03
1.448765298284241353e-03
1.317232335732568911e-03
1.139137920029039634e-03
1.266084430721231904e-03
nan
1.265518206307743657e-03
