-1.133518711302752280e-01
nan
-1.617137874796513441e-02
-1.810291697682398643e-02
-1.642973000932783367e-02
nan
-1.205252821656266869e-02
-2.413213951053160347e-02
-1.539821261717975835e-02
-2.451673936271182158e-02
nan
nan
-3.502186824939542559e-02
-2.953885330477195800e-02
-3.168117051701896392e-02
-3.223034688156205946e-02
-3.278589368099654733e-02
-3.265473898327728164e-02
-3.140696509795731090e-02
-4.344226042885099281e-02
-3.803242469414202381e-02
-3.436420108427683251e-02
-3.068643474838968557e-02
