1.749787127439674655e-02
8.467622461383135513e-02
7.729793835867523888e-02
9.822413801735195571e-02
9.564635125298896756e-02
7.778857390724613907e-02
8.269463641293807454e-02
1.590873782563404226e-01
9.204323442598560945e-02
1.496864617876345060e-01
2.198623530580745555e-01
1.446197777404792106e-01
5.156645114154321252e-01
4.340010221177160177e-01
2.754284398208115547e-01
5.140217038346779344e-01
3.809195798198755645e-01
3.208797487805386539e-01
2.908231178635743430e-01
3.355880848013192974e-01
2.533323849151403739e-01
1.604820587063174875e-01
nan
