1.483043027724940457e-05
2.092459094799117413e-03
2.223111379963650658e-03
2.207105474702709871e-03
1.898698962755553761e-03
1.345203892941958549e-03
1.518149306072496011e-03
1.127328114567023544e-03
1.128406880611085338e-03
8.757051872006188899e-04
1.111872707986354949e-03
6.763807798858453282e-04
6.494979465570685853e-04
4.977403749662132320e-04
5.709751037607164233e-04
5.032926018711095023e-04
4.734465429106226339e-04
4.608953103756405103e-04
3.900401883126727734e-04
5.304399006751917174e-04
5.934955753658901134e-04
1.906836553011090341e-03
nan
