2.487038431679936469e-06
2.056211311038740400e-03
2.110519572475695257e-03
1.617120141471901787e-03
1.323262508691876345e-03
1.105403036088858058e-03
9.651162798120056178e-04
9.018671068189135134e-04
8.127543495037699512e-04
6.449536996652522518e-04
7.585981290427803439e-04
4.917597825949500314e-04
4.107518623877045943e-04
4.425427142911588603e-04
4.021924459772356110e-04
4.063747531980355533e-04
3.817976920555085662e-04
3.424262553913024571e-04
3.505184983119895119e-04
3.767259403525270831e-04
5.116951662386729459e-04
5.134681162072187582e-04
nan
