-2.716634832745948141e-06
-2.581338146564697957e-04
-3.696968934521843936e-04
-3.642523093887422409e-04
-3.219047215338695714e-04
-1.718202198304665657e-04
-1.627346639900098567e-04
-1.470182740593680077e-04
-1.667940106253701339e-04
-4.329641840925143958e-05
-1.282597206131984866e-04
-5.959298563809609838e-05
-5.031948911448085471e-05
-3.477590869630965025e-05
-2.585288200371017221e-05
-3.293630167188382795e-05
-2.332831029625673144e-05
-2.062550842533911270e-06
4.720023012117744948e-06
3.961417843135765153e-05
7.568948156099065516e-05
-3.644341468615264131e-05
nan
