1.099350589561840646e-02
2.626994280478223698e-01
3.215529525490931073e-01
3.708452390308697444e-01
4.225070917174028606e-01
4.378160448693412254e-01
4.547479085707092361e-01
4.669707355228755463e-01
4.361922609469943146e-01
4.879844910390092050e-01
4.782548842644219200e-01
4.899807183202832261e-01
4.935031368477925673e-01
5.077886121567747324e-01
5.014775830190324468e-01
5.059844250496671192e-01
5.059460576312392321e-01
5.049897337474428261e-01
5.105175628034801516e-01
5.003470144088822957e-01
nan
4.803136815589725828e-01
nan
