5.956867521468825865e-07
-1.593546688088498336e-04
-1.111795583402803826e-04
-1.625701191276397565e-04
4.824738973394031142e-05
3.087308549108587735e-05
-1.520539899003220613e-04
1.397427086111030301e-06
-5.846312452818724703e-05
-3.033799916100065870e-05
7.421161900151252106e-05
-1.297388605767984995e-05
7.631733090048128595e-05
1.874920261973461586e-05
-4.178168975766511327e-06
-1.254666695672903498e-05
6.173377737081822613e-06
3.704881541960992832e-05
1.284701238418845468e-05
3.619309091873840293e-05
3.440224852595013849e-05
6.918753463245520970e-05
nan
