8.600548442710098037e-07
1.885012901651681957e-04
3.145465600081996096e-04
3.018367637118317729e-04
3.160828567140517241e-04
2.524782442052197302e-04
2.169728170477789166e-04
2.235947050524042100e-04
2.355536112824090490e-04
1.617139507498231504e-04
2.026146443323585677e-04
1.534218841188263746e-04
1.598511164621526639e-04
1.451940567892434392e-04
1.584393398077426187e-04
1.568215885982530587e-04
1.382947477038111255e-04
1.282335491442628352e-04
1.206418041260310606e-04
1.348640200998952742e-04
1.300111516163785495e-04
2.004502832368439927e-04
nan
