-1.076248195619012582e-01
-3.402148424209425898e-02
-5.899563345165572369e-03
-4.219519422321282159e-02
-2.711532958139321881e-02
-1.865965966643377480e-02
-4.529010904059607018e-02
-4.025941549097050015e-02
-3.947311143765560443e-02
-3.598563591832691644e-02
-3.128564019701290250e-02
-2.871379706707786333e-02
-2.543244259673017871e-02
-2.946798721424985848e-02
-4.202571593094672070e-02
-3.501392265863647463e-02
-3.010196948107361423e-02
-3.315838228756931572e-02
-2.858794075535237358e-02
-3.256499677139429449e-02
-3.690070488090089335e-02
-2.838525492418565721e-02
nan
