9.678924143727674334e+01
7.637097113081480870e+01
8.326314016172506172e+01
9.151410816257977388e+01
9.392237404644144760e+01
9.589455125514230360e+01
9.734476270123353459e+01
9.784430129257715691e+01
9.782454085261264254e+01
9.700352526439482403e+01
8.465818759936406934e+01
9.791361179772927414e+01
9.874921036007580710e+01
9.875461254612545758e+01
9.892140468227424321e+01
9.928760005028705393e+01
9.917147878483555701e+01
9.936513383665065646e+01
9.879507990963099928e+01
9.779828056196267028e+01
8.807949790794978639e+01
9.187923392155222757e+01
2.334114962925407255e+01
