1.227323872613932977e-02
3.398352382270121153e-01
4.512881624473680797e-01
5.200355412784738451e-01
6.046683544354148898e-01
6.233515557545351582e-01
6.403828761832152106e-01
6.557487163316816359e-01
6.583913122093786319e-01
6.708582506425403436e-01
6.393502742897995139e-01
6.479884308894047207e-01
6.864218563077923996e-01
6.829335360840163016e-01
6.883386040573035158e-01
6.960966236580581334e-01
6.879143588053194813e-01
6.915369673460629585e-01
6.909191332451271039e-01
6.932399809591113238e-01
6.792442856074137891e-01
nan
6.671570404523611275e-01
