-7.973374699324219106e-02
-2.606571113556602204e-02
-1.940516323089752984e-02
-3.038080096057238846e-02
-2.867075439834341696e-02
-4.040649516010786507e-02
-3.950028478261592008e-02
-1.898746936962607268e-02
-4.866154680805542809e-02
-3.119895588165846542e-02
-2.944581696088937467e-02
-4.195357146510925173e-02
-3.516862730954661842e-02
-2.671892348548571619e-02
-3.497598693470980319e-02
-3.300349618093420534e-02
-3.098666251775353958e-02
-3.730445760466377658e-02
-3.395610320100848206e-02
-3.055076163322016994e-02
-2.710346533930802632e-02
-3.739290801145900289e-02
nan
