2.230796582646817766e-02
1.412960047146023801e-01
2.417637587134212895e-01
2.075841630356231315e-01
2.638264510460062717e-01
4.560405996152999131e-01
7.369074625116774913e-01
6.010358782945598444e-01
1.634560328053180286e-02
3.398856714638676113e-01
3.996434426876085966e-02
7.428499037787970882e-02
4.299979939941604434e-01
3.907097387294657942e-01
3.278941132873732234e-01
3.652792651101024468e-01
6.160663853216197250e-01
8.008177381574301812e-01
4.334080734860759065e-01
9.125486243753320181e-01
nan
6.908870121950073939e-02
nan
