1.012837108811185031e-05
3.705756707979687616e-04
5.694223422665693453e-04
8.110586813047052784e-04
6.816074973408161892e-04
5.683075439613825483e-04
6.378999435250685534e-04
5.560733601724659894e-04
1.854685075421017969e-03
4.756438486526481414e-04
8.090870286341549436e-04
5.025348053659846326e-04
3.657256430095902474e-04
2.829271597347171900e-04
3.334928006088431216e-04
3.163888658975196684e-04
3.152856983737661531e-04
3.349138591783222887e-04
2.488398795554021378e-04
2.729236533284583387e-04
nan
3.777887877417526285e-04
nan
