9.656762080382213753e+01
8.827600671140939426e+01
9.397954049974845248e+01
9.273668392052096010e+01
6.861167002012072658e+01
7.321465968586387874e+01
7.708037133060132362e+01
7.874196510560146578e+01
6.402416006040014906e+01
8.289622286359643510e+01
6.627970100638910367e+01
8.237279659957494005e+01
8.961491622223155673e+01
8.927422387498432954e+01
8.885226751220326946e+01
8.934419346712570587e+01
9.147805714763836704e+01
9.184773524987464555e+01
9.088138282326416117e+01
8.374452097683155216e+01
5.846302277780107914e+01
7.920197003213823450e+01
1.947551422227807905e+01
