4.746822254636382610e+01
1.485814565662474429e+01
3.312849162011173121e+01
4.122772719655923623e+01
6.572242708682534840e+01
7.170817757990676000e+01
7.258440693025322332e+01
7.394747114258629495e+01
7.238010657193605368e+01
7.199084412684234735e+01
6.956485495165055433e+00
1.142570504960428002e+00
6.878760864720302948e+01
6.548181060816439469e+01
6.915142729705620184e+01
4.286745917120320115e+01
5.604610822002126014e+01
7.229081504963710358e+01
5.328702347575009668e+01
6.036311795043817341e+01
6.339959738298943392e+01
5.011414889470460565e+01
5.854094514579376352e+01
