-3.728452391285478566e-03
-1.879303821415058938e-03
7.542181480005313941e-04
-6.491736990154728783e-05
-3.858790208375479378e-04
2.128057976691802994e-03
9.904455586037125698e-06
1.675214859994454783e-04
-5.647877358490567025e-03
-3.554791676279243071e-04
-2.989567200594038174e-03
-8.418035865176979249e-04
2.852075704769048599e-04
2.281666521093544953e-03
3.636915664742393622e-03
-1.487315377932234295e-04
1.545414678189088167e-03
1.763078643951128106e-04
-8.583207555306395517e-04
7.218541300527243042e-04
nan
3.576955739142474808e-03
nan
