-2.488689172621456197e-02
-4.173954838162986097e-02
-4.564991416212846320e-03
-3.550189864517978161e-02
-5.119922837681251115e-02
-3.193987810567782554e-02
-2.089244822796803083e-02
-2.411688782174615034e-02
-2.403778438465447101e-02
-2.329425072670935487e-02
-1.824435274090456874e-02
-3.261946441050220941e-02
-2.763331767624450583e-02
-2.812302588103346435e-02
-3.068474174949123792e-02
-3.267342723845875069e-02
-3.449785505964994559e-02
-3.084989284995432596e-02
-3.025165854752608421e-02
-3.436771680804883572e-02
-3.978757608284492348e-02
nan
-3.367618797419003052e-02
