2.044996541161861242e-04
8.153545198581491418e-03
8.652716088893173604e-03
8.360189027157788680e-03
5.003110038741838406e-02
5.596956961318617745e-03
4.753247562610004966e-03
4.987765553497954842e-03
5.951249618501035579e-03
6.224211980280421400e-03
3.098463532122045644e-02
3.074141465475420040e-02
2.749591141851027900e-03
2.914473106386972039e-03
2.214569588781191336e-03
2.064772589035155596e-03
2.286888855229500875e-03
2.597641359821210513e-03
2.206797248910645493e-03
1.730125451813122614e-03
1.921518349057110570e-03
nan
1.890210773880353053e-03
