-5.891444067673697516e-07
7.193063183528146647e-05
8.056475362589783510e-05
6.781465426831960106e-05
5.342669486628193854e-05
4.091039686167248491e-05
5.298543044116063545e-05
2.463469122481300524e-05
2.122919024394046212e-04
3.864784517657253828e-05
1.865598616053240210e-05
-1.224147072751565061e-06
3.725336025145962858e-05
3.660552228313944541e-05
5.062101668284390367e-05
1.790079904759772598e-05
-1.066942509556106271e-05
-7.451482742983312090e-06
-5.902050485711323504e-06
-1.444268413645545709e-05
nan
1.143564406122004973e-05
nan
