-1.053129127751313159e-06
1.654040625453443282e-04
1.151712648765756009e-04
-1.458412125674684321e-06
-1.135534552477623004e-04
7.768380708058439269e-05
9.714860603047673667e-05
3.120757027163929923e-05
1.342923666703876233e-04
1.280902474193455927e-04
9.132158897188223971e-05
-5.035455885289839877e-05
6.989047445881001902e-05
7.352829950931314828e-05
6.723920471113986944e-05
2.937971551759165968e-05
4.670213409127514653e-05
-9.942372338195659649e-06
1.462395264084253671e-06
-6.507484425261804515e-05
-1.314895369725567592e-05
nan
2.007235375579656116e-05
