1.669963234782479572e-02
4.545312318018050052e-02
3.960673835703706208e-02
5.723507621538175688e-02
2.404261962265196589e-02
6.180381025755039837e-02
8.881644170819402717e-02
7.773838711699630755e-02
5.267321402933245605e-02
4.641340815919208634e-02
2.132489198025038293e-02
8.320189020976997973e-02
1.668658374611840522e-01
2.050643876413694167e-01
2.075050835140708205e-01
1.569815383640528750e-01
2.391285213597155179e-01
2.670869664030690038e-01
2.482124120128844369e-01
2.183562758695707651e-01
2.650021311434855864e-01
nan
1.598111930867569530e-01
