-4.508607581326795762e-05
-1.063121896656916239e-03
-1.448665615781764360e-03
-1.480657227160986876e-03
-2.428219712550800605e-03
-7.345823590549485421e-04
-5.448390976732520605e-04
-3.509451285943771394e-04
-2.188632324144017380e-04
-1.483277383417690089e-04
1.549775149357248772e-03
-1.830630252916835453e-03
-5.119069555972530482e-05
-7.525970227781777317e-05
-5.302038554133209933e-05
-6.740093787524744696e-05
-1.368307936911248463e-05
-1.035999169689375641e-05
-5.864082825617763996e-05
8.749185793882168345e-06
3.243805809526821007e-05
nan
3.646947806150321159e-05
