5.712251984714809223e-06
-8.407767304304130957e-04
3.294320984599276157e-05
-2.760460185696318952e-04
1.020029782651027308e-03
7.806813969150282606e-07
2.671211313116470952e-04
4.944809409614901583e-05
1.674878795088931684e-04
2.635987443671188664e-04
1.782631983047841171e-04
9.735404211993653771e-04
2.430592814059672185e-04
9.879712804462035365e-05
2.313886523456925074e-04
1.610753570574652716e-04
1.962607114850007111e-04
1.775830500145639257e-04
8.658233681100927762e-05
6.960949380550331394e-05
1.799185672775997530e-04
nan
5.023693756259184454e-05
