2.290001392832619054e-02
4.327242169437932329e-02
5.404554945881132055e-02
5.470242438579950295e-02
7.107095870358448586e-02
5.394653320729959900e-02
9.091324426639388334e-02
6.780569497986888017e-02
1.634816973200575729e-02
1.827113501363583081e-01
3.440615664452158218e-02
5.078412810983577719e-02
1.939562580110686107e-01
1.982904646149259986e-01
7.508648620535034457e-01
5.140415001035208986e-01
2.245529901868968947e-01
4.937015685832920608e-01
2.826152777887524503e-01
2.085811521179326555e-01
nan
1.114697946257156569e-01
nan
