8.914920368818106056e+01
6.090112640801001476e+01
7.651426174496644705e+01
8.408074560120365959e+01
6.491117814647226680e+01
9.405511318630925643e+01
9.460148866772601650e+01
9.261654766904662495e+01
9.160915213117496592e+01
9.128265336072790603e+01
6.331500062974936327e+01
6.405553007879268534e+01
7.282754571380640130e+01
7.385949478446650573e+01
6.960436903322633384e+01
6.840956777171632552e+01
7.142141306163354386e+01
7.129994136862383414e+01
7.003902479963073802e+01
6.170755150654018450e+01
9.351815696993361371e+01
2.091386437269578735e+01
9.451290916188033009e+01
