3.350000000000000113e-03
1.335000000000000075e-02
2.334999999999999923e-02
3.334999999999999770e-02
4.334999999999999964e-02
5.335000000000000159e-02
6.335000000000000353e-02
7.335000000000001241e-02
8.335000000000000742e-02
9.335000000000000242e-02
1.033500000000000113e-01
1.133500000000000063e-01
1.233500000000000013e-01
1.333499999999999963e-01
1.433500000000000052e-01
1.533499999999999863e-01
1.633499999999999952e-01
1.733500000000000041e-01
1.833499999999999852e-01
1.933499999999999941e-01
2.033500000000000030e-01
2.133499999999999841e-01
2.233499999999999930e-01
