6.811132837047191232e-05
-3.540419969645863980e-03
1.096656520286330705e-02
-2.387311199607039698e-03
-1.072806779599295469e-02
-9.031656363312794882e-04
6.352478556561135664e-03
4.411608024741508344e-03
4.162999074020032851e-03
4.783534673506966220e-03
6.495522430736215894e-03
-2.545137570062030400e-03
1.624407391406016343e-03
1.357504889402498310e-03
-3.964408412242297259e-04
-1.911644900404311977e-03
-3.255048780596096845e-03
-4.850597799610705885e-04
-1.505214843990444534e-04
-2.917582429382272087e-03
-6.000012277929091947e-03
nan
-1.970510536107534637e-03
