1.249998834249846113e-05
6.041788362689367231e-04
1.079013990039128131e-03
1.363688524424379626e-03
2.718116634613927402e-03
1.008023579587857344e-03
9.011872587124367985e-04
9.139052573597494095e-04
1.013305808310614557e-03
9.289000939357727618e-04
1.971049075708599437e-03
1.439388429819112806e-03
6.865429484694525551e-04
7.426289527365650478e-04
6.734153694812780545e-04
5.116020363451971413e-04
6.490069642765554543e-04
6.539917241183524450e-04
5.846565955321170226e-04
4.857844791164891139e-04
5.713819620668904916e-04
nan
4.596843220663526168e-04
