-8.623615675627306111e-05
-7.238933255771196019e-04
6.057173067009129046e-03
-2.353504065984429044e-03
1.509366456454542182e-03
4.027211671131134332e-03
-3.689700158736820314e-03
-2.211222189062712635e-03
-2.025862311721365969e-03
-1.028047368032584691e-03
3.856039812111963197e-04
1.339594722651139607e-03
2.427511672394823666e-03
1.110297110252864020e-03
-2.998530915039212923e-03
-6.820549476774214262e-04
9.137034828294466476e-04
-8.886323565428339249e-05
1.436869035779710264e-03
9.651017492170767536e-05
-1.147971451366922588e-03
1.300818917940997979e-03
nan
