0.000000000000000000e+00
6.354526012143787983e-02
4.719030775995233240e-01
5.054387503087477418e-01
1.860679412549662015e-01
3.933552027340213586e-01
9.826390208817902261e-01
5.999793127176402674e-01
2.601425033805969678e-01
6.909066681434208324e-01
8.194483502582478041e-02
4.336319749099599719e-01
2.023072138885596560e-01
4.331508824073324604e-01
2.752190732854227218e-01
1.024214240038357759e-01
6.771774531146301790e-02
6.106182256100269046e-02
6.204331900491355523e-02
1.064654609551849151e-01
2.375245651501486921e-01
1.139428269841028518e-01
nan
