-5.273901437800659550e-04
1.441203111750285516e-03
4.160185519931114927e-03
5.484635747579446989e-04
1.001334410640887605e-03
-3.983148895839627029e-03
-3.885887881285933747e-03
6.054324322969436602e-03
-7.979028739461933514e-03
2.554959135749397168e-04
-7.952189784764282336e-04
-5.035688594178927384e-03
-1.653855039134515372e-03
2.597527822950741923e-03
-1.462737774595736272e-03
-3.930561104414765196e-04
5.056450308207638975e-04
-2.652180785603169832e-03
-9.422615493906734809e-04
6.649543500827456060e-04
nan
-2.692930412432576869e-03
nan
