1.553398039405797480e-02
2.996900114352131217e-01
1.583802679817141734e-01
9.165230214671520326e-01
4.116033285887132909e-01
4.858476765719959012e-01
9.347179424507577883e-01
6.737150454417422107e-01
7.248457877687717321e-01
6.351133344764453570e-01
9.384656283462065041e-01
5.493311143845756028e-01
8.866238076609642693e-01
3.845252466322080509e-01
1.106146796220862871e+00
1.008012544937669119e+00
1.235072843430481848e+00
1.259878794602377949e+00
4.753136997780383344e-01
5.716974406714792067e-01
4.086351610003418067e-01
4.927966798099405604e-02
nan
