-2.043713589805021447e-08
6.385173543930125072e-05
6.512721870116636364e-05
4.532116028820177406e-05
1.738074740766767712e-05
1.746744663526747068e-05
5.296386476405866302e-06
9.770095167265176159e-06
-1.186581827371119562e-05
-3.561618009376057134e-06
1.866120072692928285e-05
1.257524968218168763e-06
2.260490912185667613e-05
1.329457199693083013e-05
-1.207040369853330312e-05
-1.344133294875350022e-05
-6.115748439192259336e-06
8.418108933835709843e-06
-3.138581745686036192e-06
-8.500092158476785821e-07
-1.650058397198718643e-06
1.438639661840011743e-06
nan
