6.284311256610425289e+01
5.011390787353447962e+01
5.465395125759857109e+01
6.448270098612735524e+01
6.740144364242087249e+01
3.506721215663354485e+01
7.971788665386863215e+01
8.173064846987901433e+01
8.019297439538866001e+01
7.987994290991520074e+01
1.403398889306442854e+01
4.290611152913636062e+01
4.750658362245538058e+01
4.793146677810280210e+01
7.138973694115678370e+01
5.544575097990158952e+01
8.007151237499301999e+01
8.358108675568992396e+01
7.390245949802736902e+01
7.501777870738338549e+01
8.256842456608811176e+01
7.716653687840694431e+01
8.759063022866703818e+01
