-3.772413144657044658e-03
-2.003642300929414557e-03
-1.667457941996078373e-03
-2.635871356594622454e-03
-5.281417414316143949e-03
-4.348999696220111170e-03
-1.300855883115760491e-03
-2.227619341473090382e-03
-1.980680689717433302e-04
-3.038010624656530771e-03
-7.771982957162596774e-03
4.182969220835127018e-03
7.830841782598443575e-04
3.715097082825251102e-03
-9.831105710814093054e-04
-9.876188212927755443e-04
1.530810734728347460e-03
7.921623907527489605e-04
-3.115891215768029068e-04
-4.943998991427131159e-03
-2.629408042340217449e-03
nan
-3.447878228782287960e-03
