1.161188568500989404e-03
1.666476224136539119e-01
2.276151210193100016e-01
2.459288665090186565e-01
2.604692809658903929e-01
2.856102932250757509e-01
2.982074574478886797e-01
3.033842134477749974e-01
3.026906493955539013e-01
3.241467245408077291e-01
3.168027752488806192e-01
3.266435375935572427e-01
3.270867191695591147e-01
3.328254663289612059e-01
3.293714817898957259e-01
3.297780948800790313e-01
3.314070567879119356e-01
3.344668529441839344e-01
3.346546112129988870e-01
3.273374852988094053e-01
3.203738063793263868e-01
3.174603336910472584e-01
nan
